Date,HIGH,CLOSE,LOW,OPEN,COUNT,VOLUME
2007-09-19,42.08,41.4,41.17,41.8,,2134100.0
2007-09-20,42.02,41.81,41.08,41.08,,2732000.0
2007-09-21,42.61,42.23,41.87,41.87,,1908800.0
2007-09-24,43.2,42.18,42.08,42.39,,2720900.0
2007-09-25,42.52,42.23,41.68,41.93,,2477700.0
2007-09-26,43.05,42.93,42.31,42.31,,1737000.0
2007-09-27,43.98,43.84,43.15,43.3,,2752200.0
2007-09-28,44.18,43.54,43.1,43.7,,1826600.0
2007-10-01,44.24,44.13,43.48,43.52,,3834400.0
2007-10-02,44.16,42.8,42.68,44.07,,2593900.0
2007-10-03,43.74,42.62,42.41,42.72,,1878100.0
2007-10-04,43.5,43.35,42.4,42.75,,3029200.0
2007-10-05,44.0,42.75,42.53,43.64,,2517400.0
2007-10-08,42.73,42.4,41.99,42.52,,1584800.0
2007-10-09,42.79,42.79,42.18,42.6,,1404800.0
2007-10-10,42.95,42.64,42.44,42.76,,1159600.0
2007-10-11,43.79,43.47,42.72,42.73,,2855800.0
2007-10-12,43.94,43.67,43.26,43.8,,1644900.0
2007-10-15,43.89,43.05,42.71,43.57,,1421700.0
2007-10-16,43.3,42.56,42.17,42.9,,1819700.0
2007-10-17,42.9,42.7,42.11,42.6,,2108200.0
2007-10-18,42.84,42.72,42.25,42.45,,2218000.0
2007-10-19,42.98,41.78,41.51,42.74,,2277500.0
2007-10-22,42.5,42.38,41.35,41.35,,1568400.0
2007-10-23,43.44,43.24,42.5,42.5,,1706200.0
2007-10-24,43.37,43.37,42.33,43.24,,1880900.0
2007-10-25,44.68,44.63,43.25,43.63,,3405500.0
2007-10-26,45.63,45.28,44.77,44.77,,3825800.0
2007-10-29,46.53,46.34,45.19,45.19,,3993700.0
2007-10-30,46.2,44.95,44.89,46.12,,2614800.0
2007-10-31,44.65,44.18,43.55,44.65,,3965700.0
2007-11-01,44.43,43.9,42.19,43.79,,3221400.0
2007-11-02,45.4,45.24,43.5,45.4,,2426800.0
2007-11-05,45.7,45.18,44.63,45.05,,1664092.0
2007-11-06,46.05,45.87,44.68,45.25,,2317650.0
2007-11-07,45.42,44.13,43.61,44.69,,3899593.0
2007-11-08,44.25,43.19,42.36,44.06,,3479290.0
2007-11-09,44.0,42.24,41.93,44.0,,10799508.0
2007-11-12,43.06,42.13,41.5,42.17,,5046492.0
2007-11-13,43.29,42.66,42.4,42.45,,7625000.0
2007-11-14,43.71,43.43,42.55,42.95,,4891100.0
2007-11-15,44.49,44.25,42.8,43.49,,6380480.0
2007-11-16,45.6,45.0,44.31,44.34,,65938100.0
2007-11-19,45.42,44.86,44.52,44.98,,6641932.0
2007-11-20,45.37,44.03,43.35,44.5,,9223012.0
2007-11-21,44.03,43.6,43.11,43.58,,4328835.0
2007-11-23,44.5,44.13,43.74,43.8,,1207290.0
2007-11-26,44.97,43.85,43.77,44.22,,3120583.0
2007-11-27,44.28,43.96,43.45,44.0,,4421700.0
2007-11-28,45.09,44.63,44.06,44.2,,4739651.0
2007-11-29,45.82,45.54,44.25,44.4,,5805674.0
2007-11-30,46.2,45.54,45.05,45.95,,2618873.0
2007-12-03,45.62,44.92,44.75,45.22,,3452200.0
2007-12-04,44.39,42.45,42.36,44.39,,6066050.0
2007-12-05,43.3,42.83,41.76,42.11,,4255500.0
2007-12-06,43.08,42.15,41.72,42.81,,4389825.0
2007-12-07,43.1,42.68,41.75,42.15,,6284350.0
2007-12-10,43.48,43.22,42.88,42.88,,2101954.0
2007-12-11,43.47,42.42,42.36,43.35,,2802799.0
2007-12-12,43.29,41.9,41.26,43.29,,4335440.0
2007-12-13,41.83,40.94,40.34,41.65,,4476564.0
2007-12-14,41.05,40.85,40.19,40.77,,4657466.0
2007-12-17,41.1,40.15,40.08,40.59,,4162750.0
2007-12-18,41.35,41.0,40.08,40.56,,4054430.0
2007-12-19,41.91,41.56,40.95,41.26,,2623750.0
2007-12-20,41.93,41.57,40.98,41.92,,1914123.0
2007-12-21,42.51,42.18,41.6,41.98,,3230000.0
2007-12-24,42.67,42.52,42.08,42.08,,624802.0
2007-12-26,43.23,42.89,42.35,42.73,,1337000.0
2007-12-27,43.17,42.38,42.1,43.07,,1569217.0
2007-12-28,42.88,42.42,42.05,42.88,,1006830.0
2007-12-31,42.72,42.6,41.96,42.25,,1570300.0
2008-01-02,42.72,41.24,41.05,42.49,,3144884.0
2008-01-03,41.25,40.46,39.96,41.1,,4630843.0
2008-01-04,40.21,39.38,39.1001,40.0,,4752860.0
2008-01-07,39.75,39.15,38.02,39.43,,3463000.0
2008-01-08,39.97,38.0,37.9,39.43,,3276922.0
2008-01-09,38.5,38.5,37.32,38.05,,3787794.0
2008-01-10,39.67,39.33,38.09,38.17,,3068000.0
2008-01-11,40.11,39.03,38.64,39.34,,3608810.0
2008-01-14,40.07,39.97,39.11,39.41,,3141000.0
2008-01-15,40.2,39.06,38.7,39.55,,4499500.0
2008-01-16,39.41,38.36,38.28,38.76,,4347249.0
2008-01-17,39.15,38.35,38.05,38.55,,10497827.0
2008-01-18,38.74,36.64,34.76,38.67,,12291364.0
2008-01-22,36.15,35.91,32.1,34.8,,7372343.0
2008-01-23,35.97,35.92,32.41,34.8,,12895916.0
2008-01-24,38.23,38.0,35.85,35.91,,5952747.0
2008-01-25,38.51,36.18,36.1,38.29,,5443962.0
2008-01-28,36.99,36.92,36.0,36.31,,3886367.0
2008-01-29,39.29,38.81,37.07,37.11,,5429895.0
2008-01-30,39.5,37.6901,37.5,38.73,,5439292.0
2008-01-31,37.85,37.43,36.52,37.18,,7399339.0
2008-02-01,38.78,38.65,36.88,37.39,,3921404.0
2008-02-04,38.85,38.56,38.19,38.65,,3879697.0
2008-02-05,38.56,36.95,36.95,38.09,,3881980.0
2008-02-06,38.88,37.74,37.52,37.55,,5698935.0
2008-02-07,37.73,37.11,36.33,37.29,,4145785.0
2008-02-08,38.19,37.61,36.82,36.85,,2747181.0
2008-02-11,38.82,38.68,37.46,37.91,,3790850.0
2008-02-12,39.67,39.31,38.56,38.85,,3429766.0
2008-02-13,40.09,39.81,38.65,39.95,,2697451.0
2008-02-14,39.79,38.84,38.64,39.61,,2668281.0
2008-02-15,39.02,38.94,38.21,38.62,,1887154.0
2008-02-19,39.7,39.14,38.93,39.47,,3129670.0
2008-02-20,39.78,39.48,38.61,38.8,,3221719.0
2008-02-21,39.75,38.93,38.8,39.54,,2205333.0
2008-02-22,40.18,39.8,38.5,39.16,,4709237.0
2008-02-25,40.59,40.15,39.39,40.3,,3151665.0
2008-02-26,41.56,41.1,39.51,39.89,,3780624.0
2008-02-27,41.21,40.37,40.13,40.76,,2444983.0
2008-02-28,40.99,40.58,40.12,40.3,,2744290.0
2008-02-29,40.23,38.44,38.08,40.21,,5756978.0
2008-03-03,38.49,38.06,37.71,38.41,,3521100.0
2008-03-04,37.9,37.64,36.88,37.66,,4844600.0
2008-03-05,38.485,38.02,37.49,37.64,,4022669.0
2008-03-06,38.0,37.18,37.14,37.98,,2487377.0
2008-03-07,37.57,36.79,36.16,36.81,,3045483.0
2008-03-10,36.72,35.5,35.45,36.72,,3250501.0
2008-03-11,36.9,36.84,35.48,36.23,,3898024.0
2008-03-12,37.14,36.36,36.27,36.99,,2314936.0
2008-03-13,37.85,37.31,35.58,35.93,,4843367.0
2008-03-14,37.65,37.39,36.52,37.43,,5132842.0
2008-03-17,37.94,37.7,36.53,36.66,,6249036.0
2008-03-18,39.32,39.21,37.7,38.41,,5904528.0
2008-03-19,40.01,38.97,38.94,39.47,,5088307.0
2008-03-20,39.61,39.15,38.59,39.02,,4534430.0
2008-03-24,40.7,40.06,39.0,39.15,,4205264.0
2008-03-25,40.19,39.98,39.31,40.0,,3494900.0
2008-03-26,41.05,40.54,39.56,39.69,,3144070.0
2008-03-27,41.3,40.49,40.23,40.37,,3059341.0
2008-03-28,40.65,38.94,38.68,40.49,,4204706.0
2008-03-31,39.42,39.21,38.32,39.18,,4049798.0
2008-04-01,40.22,39.96,39.03,39.48,,3348000.0
2008-04-02,40.87,40.33,40.04,40.26,,3172041.0
2008-04-03,41.61,41.01,39.96,40.19,,3710100.0
2008-04-04,41.11,40.66,40.47,41.0,,2278703.0
2008-04-07,41.0,40.03,39.7,40.74,,3907115.0
2008-04-08,40.55,40.53,39.72,39.83,,3247390.0
2008-04-09,40.71,39.63,39.27,40.37,,2570000.0
2008-04-10,39.99,39.48,38.96,39.99,,3309500.0
2008-04-11,39.39,38.94,38.74,39.09,,3597610.0
2008-04-14,39.61,39.0,38.6,38.78,,2050013.0
2008-04-15,39.39,38.86,38.53,39.18,,2580973.0
2008-04-16,40.07,40.01,39.12,39.32,,3198637.0
2008-04-17,40.4,39.85,39.48,39.96,,1882057.0
2008-04-18,41.45,40.99,40.31,40.31,,5045404.0
2008-04-21,41.85,41.74,40.69,40.84,,2185050.0
2008-04-22,41.75,41.21,40.85,41.75,,2408037.0
2008-04-23,42.96,42.69,41.43,41.51,,4867698.0
2008-04-24,43.81,43.47,42.04,43.01,,5193036.0
2008-04-25,43.68,43.58,42.5,43.42,,3600247.0
2008-04-28,43.92,43.4,43.05,43.44,,4477111.0
2008-04-29,43.369999,43.07,42.72,43.29,,3329537.0
2008-04-30,44.1,43.42,43.08,43.08,,3887791.0
2008-05-01,44.69,43.66,43.14,43.44,,4778598.0
2008-05-02,44.96,44.26,43.79,43.89,,5878116.0
2008-05-05,44.03,43.25,42.84,44.03,,3700902.0
2008-05-06,44.057,43.98,42.9,42.94,,2983614.0
2008-05-07,45.65,43.97,43.63,44.29,,8239982.0
2008-05-08,44.43,43.99,43.66,44.41,,2368688.0
2008-05-09,43.92,43.72,43.28,43.34,,1875001.0
2008-05-12,44.52,44.5,43.57,43.57,,3094783.0
2008-05-13,44.94,44.81,44.28,44.63,,3016928.0
2008-05-14,45.68,45.38,44.81,44.92,,3144807.0
2008-05-15,45.72,45.62,44.84,45.21,,2401702.0
2008-05-16,45.85,45.58,45.08,45.72,,2280073.0
2008-05-19,46.1,45.55,45.25,45.69,,3110670.0
2008-05-20,45.47,44.96,44.59,45.18,,2529371.0
2008-05-21,45.2,43.74,43.46,44.99,,3662981.0
2008-05-22,44.21,43.73,43.49,43.74,,2842010.0
2008-05-23,43.69,43.5,43.21,43.45,,1523266.0
2008-05-27,44.47,44.32,43.5,43.57,,2341884.0
2008-05-28,44.98,44.87,44.25,44.41,,2327509.0
2008-05-29,45.54,45.18,44.83,44.9,,2154781.0
2008-05-30,46.0,45.72,45.35,45.58,,2979277.0
2008-06-02,45.95,44.88,44.69,45.95,,4016559.0
2008-06-03,45.42,44.62,44.07,45.2,,3517366.0
2008-06-04,44.55,43.49,42.96,43.47,,4620529.0
2008-06-05,44.07,44.06,42.46,43.73,,3804508.0
2008-06-06,43.18,41.81,41.74,43.18,,6600967.0
2008-06-09,42.94,42.79,41.66,41.82,,4484778.0
2008-06-10,44.27,43.29,42.1,42.25,,5933021.0
2008-06-11,43.41,42.23,42.08,42.98,,3472524.0
2008-06-12,43.18,42.36,42.06,42.4,,3223909.0
2008-06-13,43.4,43.2,42.36,42.4,,6695295.0
2008-06-16,44.29,44.07,42.55,42.76,,3373988.0
2008-06-17,44.84,44.51,44.075,44.19,,2641867.0
2008-06-18,44.42,44.06,43.74,44.23,,2184181.0
2008-06-19,44.5,44.25,43.76,44.12,,2721663.0
2008-06-20,44.14,43.3,42.97,43.83,,3329464.0
2008-06-23,43.56,42.03,41.77,43.48,,5543623.0
2008-06-24,42.35,41.97,41.143,42.0,,3752389.0
2008-06-25,43.4,42.67,41.98,41.98,,3778577.0
2008-06-26,42.29,41.51,41.31,42.13,,4020092.0
2008-06-27,41.985,41.49,40.96,41.7,,4595743.0
2008-06-30,42.58,42.25,41.27,41.48,,4794246.0
2008-07-01,41.74,40.58,39.6,41.61,,10231752.0
2008-07-02,41.07,39.36,39.3,40.81,,5672234.0
2008-07-03,41.42,39.8,39.53,40.38,,5260790.0
2008-07-07,40.8,40.04,39.64,39.89,,5780168.0
2008-07-08,40.75,40.47,39.9,40.0,,4898504.0
2008-07-09,41.58,39.93,39.85,40.4,,4115935.0
2008-07-10,41.44,41.23,39.79,40.15,,5648890.0
2008-07-11,40.86,40.05,39.63,40.6,,6721092.0
2008-07-14,40.74,39.87,39.66,40.45,,3423290.0
2008-07-15,40.69,40.02,39.0,39.49,,5274999.0
2008-07-16,40.24,40.18,39.57,40.14,,4005385.0
2008-07-17,40.79,39.74,39.12,40.47,,4441764.0
2008-07-18,40.0,39.75,39.14,39.78,,5458176.0
2008-07-21,40.26,39.57,39.42,39.92,,2829810.0
2008-07-22,39.45,39.25,38.18,39.43,,4806158.0
2008-07-23,41.26,40.64,39.38,39.5,,5309306.0
2008-07-24,40.99,39.87,39.77,40.69,,3157776.0
2008-07-25,41.74,41.39,40.17,40.17,,4556540.0
2008-07-28,41.48,40.84,40.61,41.32,,2945441.0
2008-07-29,41.51,41.34,40.76,41.09,,2569746.0
2008-07-30,43.15,42.8,40.71,42.14,,7411551.0
2008-07-31,43.07,41.9,41.65,42.75,,5299083.0
2008-08-01,42.25,41.63,40.86,41.77,,4329747.0
2008-08-04,42.06,41.08,40.66,41.61,,3377100.0
2008-08-05,41.31,41.26,40.72,41.2,,3829139.0
2008-08-06,42.5525,42.27,41.04,41.19,,4731542.0
2008-08-07,42.25,41.07,40.99,42.03,,3182177.0
2008-08-08,42.44,42.36,41.1,41.1,,2590643.0
2008-08-11,43.43,43.02,42.1,42.4,,3629055.0
2008-08-12,43.33,42.76,42.65,42.98,,2277721.0
2008-08-13,43.02,42.38,42.04,42.71,,1602609.0
2008-08-14,42.83,42.54,42.0,42.39,,1615668.0
2008-08-15,42.81,42.29,42.14,42.63,,3120248.0
2008-08-18,42.5375,41.33,41.16,42.25,,3445102.0
2008-08-19,41.04,39.95,39.86,40.93,,4541569.0
2008-08-20,40.75,39.76,39.62,40.31,,3447910.0
2008-08-21,40.56,40.34,39.34,39.58,,2528766.0
2008-08-22,41.29,40.91,40.5,40.57,,2061044.0
2008-08-25,40.92,40.08,40.0,40.61,,1626823.0
2008-08-26,40.72,40.5,39.99,39.99,,1768175.0
2008-08-27,41.34,41.14,40.48,40.5,,2297457.0
2008-08-28,42.08,41.93,41.22,41.34,,1920225.0
2008-08-29,41.93,41.33,41.29,41.84,,2191901.0
2008-09-02,42.18,41.16,40.94,42.13,,2998415.0
2008-09-03,41.43,40.2,39.79,41.27,,5065049.0
2008-09-04,40.01,38.68,38.6,39.85,,4779824.0
2008-09-05,38.93,38.77,37.610001,38.51,,5857264.0
2008-09-08,40.19,39.96,38.6,40.19,,5341888.0
2008-09-09,40.74,38.62,38.2,39.69,,6507647.0
2008-09-10,39.08,38.32,38.18,38.92,,5152839.0
2008-09-11,38.88,38.78,37.41,38.1,,3767339.0
2008-09-12,39.54,39.34,38.02,38.59,,2815133.0
2008-09-15,39.09,37.49,37.2,38.54,,4094007.0
2008-09-16,38.49,38.17,36.34,37.12,,6660849.0
2008-09-17,38.165,35.41,35.29,38.16,,5817860.0
2008-09-18,39.8,38.89,31.89,35.95,,11043640.0
2008-09-19,43.38,39.71,33.21,40.0,,8458146.0
2008-09-22,39.7,37.29,37.1,39.7,,2777873.0
2008-09-23,37.52,35.55,35.35,37.46,,5468910.0
2008-09-24,36.12,35.39,34.9,35.74,,3417364.0
2008-09-25,38.39,38.1,35.36,35.36,,6380442.0
2008-09-26,38.25,38.19,36.52,37.38,,5836375.0
2008-09-29,37.59,34.2,32.86,37.39,,10897150.0
2008-09-30,36.59,35.97,34.35,35.05,,8990244.0
2008-10-01,37.28,35.83,35.06,35.97,,6589200.0
2008-10-02,36.04,33.56,33.19,35.6,,5802256.0
2008-10-03,36.18,34.63,34.02,34.14,,9130441.0
2008-10-06,34.15,33.37,31.0,33.77,,8468416.0
2008-10-07,35.51,31.46,31.38,33.89,,6264807.0
2008-10-08,34.02,33.15,29.33,30.67,,9626369.0
2008-10-09,35.93,30.81,30.54,33.81,,6518496.0
2008-10-10,31.58,29.6,27.06,29.44,,9809599.0
2008-10-13,34.06,33.97,30.61,32.28,,8660080.0
2008-10-14,35.81,32.98,32.0,35.4,,8284322.0
2008-10-15,33.5,30.01,29.41,32.3,,7160895.0
2008-10-16,32.52,32.13,29.15,30.07,,9344506.0
2008-10-17,34.79,33.81,30.78,31.2,,9469822.0
2008-10-20,34.73,33.07,32.43,34.23,,6935732.0
2008-10-21,33.53,31.15,30.96,33.05,,5165124.0
2008-10-22,31.0,29.26,28.32,30.86,,6028019.0
2008-10-23,29.85,27.75,26.110001,29.5,,7617461.0
2008-10-24,28.12,27.13,22.34,24.85,,7681232.0
2008-10-27,28.17,26.82,26.04,26.82,,5217819.0
2008-10-28,30.4,30.35,27.15,27.67,,6643697.0
2008-10-29,31.74,29.08,29.06,30.15,,7457549.0
2008-10-30,31.04,30.02,29.46,30.47,,6108565.0
2008-10-31,32.95,32.31,29.94,30.39,,8004501.0
2008-11-03,33.35,32.61,32.28,32.97,,4338542.0
2008-11-04,34.65,32.42,31.73,33.24,,5335811.0
2008-11-05,32.83,31.02,30.96,32.4,,4086946.0
2008-11-06,31.31,29.98,29.19,31.02,,4380612.0
2008-11-07,31.3,30.57,29.42,30.16,,3935212.0
2008-11-10,31.29,29.57,28.91,31.14,,3797269.0
2008-11-11,29.53,28.06,27.72,29.35,,3922168.0
2008-11-12,28.05,26.17,25.87,27.29,,5837252.0
2008-11-13,27.24,27.22,24.58,26.14,,7652350.0
2008-11-14,28.09,26.64,26.37,26.69,,5576291.0
2008-11-17,26.38,24.75,24.33,26.22,,5834431.0
2008-11-18,24.98,24.06,22.73,24.5,,6221656.0
2008-11-19,24.23,21.58,21.51,23.93,,6098997.0
2008-11-20,22.11,20.14,19.89,21.26,,8348643.0
2008-11-21,21.05,20.92,19.35,20.62,,6694445.0
2008-11-24,25.78,25.15,21.33,21.41,,7957323.0
2008-11-25,27.75,25.09,23.93,26.15,,7573770.0
2008-11-26,27.75,27.18,24.11,24.8,,7057970.0
2008-11-28,27.32,27.24,26.28,27.16,,2026134.0
2008-12-01,26.59,25.43,24.95,26.59,,4191974.0
2008-12-02,27.610001,27.18,25.42,25.95,,4349186.0
2008-12-03,27.97,27.83,25.76,26.34,,4295381.0
2008-12-04,28.95,27.89,27.32,27.42,,4211564.0
2008-12-05,29.76,29.62,26.49,27.33,,3967560.0
2008-12-08,30.25,29.11,28.83,30.0,,4865654.0
2008-12-09,29.12,27.39,26.46,28.62,,7679044.0
2008-12-10,28.98,27.87,27.48,27.54,,3507067.0
2008-12-11,28.77,27.47,26.8,27.65,,5789186.0
2008-12-12,27.56,26.82,26.51,26.68,,4474431.0
2008-12-15,27.38,26.33,25.74,26.93,,3546635.0
2008-12-16,28.4,28.27,26.33,26.57,,4730130.0
2008-12-17,29.33,28.68,27.55,27.7,,3445436.0
2008-12-18,29.11,28.38,27.44,28.25,,4863573.0
2008-12-19,29.81,29.45,28.55,28.55,,5419558.0
2008-12-22,29.63,27.68,27.13,29.47,,3844661.0
2008-12-23,28.66,27.8,27.34,28.3,,2846014.0
2008-12-24,28.26,27.76,27.19,28.1,,891939.0
2008-12-26,28.35,28.28,27.8,27.91,,1276115.0
2008-12-29,28.07,27.45,27.04,27.98,,1802045.0
2008-12-30,28.65,28.25,27.37,27.66,,2821738.0
2008-12-31,29.77,29.32,28.14,28.2,,3105788.0
2009-01-02,30.34,30.19,28.4,29.96,,2810002.0
2009-01-05,30.63,30.07,29.62,29.93,,4966334.0
2009-01-06,30.85,30.23,29.34,30.34,,4424807.0
2009-01-07,29.8,29.06,28.51,29.71,,4234571.0
2009-01-08,29.04,28.87,27.97,28.95,,4907253.0
2009-01-09,29.47,28.39,28.0,28.95,,3817064.0
2009-01-12,28.52,28.02,27.51,28.3,,2888236.0
2009-01-13,28.66,28.47,27.57,27.95,,4752408.0
2009-01-14,28.53,28.07,27.39,27.89,,5524978.0
2009-01-15,29.0,28.66,27.34,28.52,,6410994.0
2009-01-16,29.6,29.07,28.43,29.5,,4291268.0
2009-01-20,28.95,27.95,27.92,28.85,,4526260.0
2009-01-21,29.61,29.56,27.93,28.07,,3718491.0
2009-01-22,30.26,29.78,28.87,28.87,,3378448.0
2009-01-23,30.26,30.12,28.68,28.96,,2766964.0
2009-01-26,31.12,30.0,29.58,30.2,,5647720.0
2009-01-27,30.6,30.25,29.34,30.4,,3365404.0
2009-01-28,32.09,32.0,30.39,30.96,,4943988.0
2009-01-29,31.91,31.22,31.03,31.27,,2800046.0
2009-01-30,31.65,30.34,29.82,31.26,,4468737.0
2009-02-02,30.52,30.25,29.41,29.96,,3261216.0
2009-02-03,30.83,30.6,30.09,30.27,,3656706.0
2009-02-04,31.31,30.24,29.97,30.75,,1985369.0
2009-02-05,30.86,30.64,29.11,29.79,,4503596.0
2009-02-06,31.24,30.2,29.84,30.41,,5441306.0
2009-02-09,30.17,30.04,29.35,29.91,,2790639.0
2009-02-10,30.35,28.91,28.73,29.82,,3846988.0
2009-02-11,29.36,28.92,28.38,28.98,,2114491.0
2009-02-12,28.87,28.86,27.96,28.4,,3836514.0
2009-02-13,29.5001,28.85,28.72,28.89,,2389120.0
2009-02-17,28.13,27.23,27.08,27.98,,3831029.0
2009-02-18,27.56,26.93,26.27,27.38,,4653336.0
2009-02-19,27.52,26.25,26.15,26.57,,4429021.0
2009-02-20,27.02,26.6,25.53,25.81,,4696878.0
2009-02-23,27.14,25.69,25.57,27.14,,4830087.0
2009-02-24,27.38,27.25,25.45,25.75,,5222254.0
2009-02-25,27.5,26.82,26.08,27.05,,6080074.0
2009-02-26,30.19,28.8,27.49,27.79,,9093339.0
2009-02-27,29.68,29.12,27.9,28.51,,6143543.0
2009-03-02,29.25,27.86,27.62,28.58,,4812745.0
2009-03-03,28.27,27.35,26.85,28.27,,5539139.0
2009-03-04,28.66,28.21,27.44,27.88,,6445523.0
2009-03-05,27.85,27.35,27.11,27.34,,5061644.0
2009-03-06,28.0,27.28,26.6,27.6,,4230700.0
2009-03-09,27.69,26.87,26.59,26.75,,2984168.0
2009-03-10,28.48,28.39,27.01,27.48,,5823862.0
2009-03-11,29.62,29.3,28.04,28.57,,4337232.0
2009-03-12,30.0,29.86,27.92,28.64,,5973204.0
2009-03-13,29.96,29.24,28.46,29.9,,3802723.0
2009-03-16,29.93,29.04,28.97,29.47,,3746501.0
2009-03-17,30.2,30.2,29.04,29.5,,3435390.0
2009-03-18,31.21,31.0,29.9,30.13,,5057827.0
2009-03-19,31.47,30.83,30.5,31.45,,3835316.0
2009-03-20,31.67,30.6,30.49,30.96,,4809210.0
2009-03-23,32.14,32.12,30.8,31.37,,3671600.0
2009-03-24,32.53,32.02,31.73,31.75,,3805717.0
2009-03-25,32.45,31.91,30.97,32.35,,3979265.0
2009-03-26,32.36,31.72,31.49,32.28,,4570430.0
2009-03-27,32.26,32.01,31.32,31.32,,3438732.0
2009-03-30,31.49,30.47,30.2,31.34,,3547338.0
2009-03-31,31.0,30.43,30.34,30.82,,3557047.0
2009-04-01,31.73,31.54,29.75,30.23,,5686362.0
2009-04-02,33.9,33.14,31.88,32.51,,6865578.0
2009-04-03,34.52,34.39,33.25,33.5,,4095280.0
2009-04-06,33.95,32.69,31.56,33.34,,5414401.0
2009-04-07,32.29,31.78,31.67,32.19,,3137548.0
2009-04-08,32.44,31.87,31.54,31.81,,2633180.0
2009-04-09,33.54,32.82,32.1104,32.72,,3186131.0
2009-04-13,32.89,32.22,31.7,32.59,,2604359.0
2009-04-14,32.23,30.91,30.1,31.82,,5541317.0
2009-04-15,32.49,32.45,30.45,30.82,,4918634.0
2009-04-16,33.38,33.16,32.21,32.43,,3432555.0
2009-04-17,33.44,32.9,32.62,33.26,,2950010.0
2009-04-20,32.62,31.55,31.51,32.4,,2256160.0
2009-04-21,32.33,32.23,31.17,31.3,,3005775.0
2009-04-22,32.71,32.01,31.69,31.99,,2414694.0
2009-04-23,32.19,31.99,31.22,32.0,,2966160.0
2009-04-24,33.02,32.79,32.0,32.34,,3914303.0
2009-04-27,33.25,32.93,32.02,32.31,,3087912.0
2009-04-28,33.02,32.54,31.95,32.8,,3130321.0
2009-04-29,33.81,33.29,32.5,33.81,,3237056.0
2009-04-30,33.98,31.76,31.34,33.51,,6608101.0
2009-05-01,32.22,30.81,30.62,31.66,,4412263.0
2009-05-04,31.08,29.84,29.51,30.81,,7570664.0
2009-05-05,31.12,31.03,29.15,29.78,,8275641.0
2009-05-06,31.55,31.11,30.23,31.32,,7325245.0
2009-05-07,31.46,30.01,29.5,31.46,,7044707.0
2009-05-08,30.68,29.48,29.14,30.22,,4540526.0
2009-05-11,29.89,29.59,28.86,29.12,,3171880.0
2009-05-12,29.99,28.95,28.45,29.68,,4277637.0
2009-05-13,28.74,28.06,27.97,28.54,,4814491.0
2009-05-14,29.07,28.89,28.0,28.13,,5186972.0
2009-05-15,29.03,28.21,27.93,29.03,,5099269.0
2009-05-18,30.3,30.28,28.94,29.02,,5153456.0
2009-05-19,30.53,30.13,29.99,30.5,,2941538.0
2009-05-20,30.87,29.98,29.88,30.44,,3030041.0
2009-05-21,29.89,29.4,28.89,29.66,,2518798.0
2009-05-22,29.88,29.54,29.03,29.38,,2316587.0
2009-05-26,30.92,30.48,29.02,29.26,,3487295.0
2009-05-27,31.51,30.63,30.2,30.71,,3291023.0
2009-05-28,31.49,31.18,30.42,30.68,,3133522.0
2009-05-29,31.91,31.87,31.07,31.19,,3140269.0
2009-06-01,32.5,32.21,31.79,32.41,,3167824.0
2009-06-02,32.49,32.05,31.54,32.05,,3493452.0
2009-06-03,31.94,31.03,30.77,31.94,,3143409.0
2009-06-04,31.41,30.85,30.47,31.14,,4636275.0
2009-06-05,31.47,30.49,30.24,31.23,,4326584.0
2009-06-08,30.1,29.71,29.35,30.07,,6048375.0
2009-06-09,30.99,30.66,29.51,29.9,,3963564.0
2009-06-10,31.2,30.19,29.88,31.09,,5279265.0
2009-06-11,30.75,30.23,29.92,30.15,,2922602.0
2009-06-12,30.43,30.43,29.9,30.14,,2893180.0
2009-06-15,30.26,29.88,29.5,30.26,,2925328.0
2009-06-16,30.15,29.45,29.34,29.99,,2843551.0
2009-06-17,29.71,29.28,29.21,29.51,,3222157.0
2009-06-18,29.72,29.59,29.1,29.28,,3150111.0
2009-06-19,30.05,29.65,29.58,29.76,,3189733.0
2009-06-22,29.58,29.21,29.02,29.48,,4306082.0
2009-06-23,29.94,29.83,29.21,29.33,,3653127.0
2009-06-24,31.99,31.64,30.58,30.61,,5836904.0
2009-06-25,32.22,32.06,31.25,31.63,,3658189.0
2009-06-26,32.23,31.87,31.632,31.83,,4366808.0
2009-06-29,32.46,32.22,31.64,32.03,,2443452.0
2009-06-30,32.37,31.53,31.32,32.225,,3282054.0
2009-07-01,31.93,31.65,31.45,31.6775,,2481033.0
2009-07-02,31.21,30.98,30.62,31.21,,3554054.0
2009-07-06,30.8,30.67,30.25,30.8,,2911143.0
2009-07-07,30.88,30.1,29.89,30.61,,3648999.0
2009-07-08,30.529,30.27,29.96,30.17,,3522843.0
2009-07-09,31.14,30.92,30.02,30.48,,3644602.0
2009-07-10,31.13,30.78,30.36,30.87,,3377647.0
2009-07-13,31.66,31.63,30.5901,30.99,,4110103.0
2009-07-14,31.9,31.83,31.22,31.57,,2316522.0
2009-07-15,32.73,32.72,31.99,32.13,,3968637.0
2009-07-16,32.9,32.61,32.38,32.6,,3526376.0
2009-07-17,32.78,32.22,31.76,32.77,,3121416.0
2009-07-20,32.7,32.46,32.28,32.38,,3898950.0
2009-07-21,33.0,32.33,31.78,32.6,,3426828.0
2009-07-22,32.96,32.71,32.12,32.34,,2652567.0
2009-07-23,33.88,33.77,32.5,32.7,,2718686.0
2009-07-24,33.7805,33.48,33.19,33.33,,2834299.0
2009-07-27,33.88,33.44,33.13,33.42,,2860802.0
2009-07-28,33.95,33.53,33.03,33.16,,2806985.0
2009-07-29,33.32,33.29,32.14,32.97,,4234304.0
2009-07-30,34.64,34.37,33.65,33.74,,3519500.0
2009-07-31,34.6299,34.09,34.04,34.21,,3172716.0
2009-08-03,34.9,34.9,34.0,34.44,,2482457.0
2009-08-04,34.84,34.41,34.16,34.64,,3126046.0
2009-08-05,34.6,33.52,33.33,34.42,,3047289.0
2009-08-06,33.83,32.78,32.69,33.55,,3985661.0
2009-08-07,33.22,32.27,31.78,33.22,,6315450.0
2009-08-10,32.52,32.37,32.16,32.3,,3100473.0
2009-08-11,32.48,32.26,32.06,32.24,,2023878.0
2009-08-12,32.74,32.26,32.11,32.11,,2669017.0
2009-08-13,32.93,32.52,32.1,32.19,,3798781.0
2009-08-14,32.46,32.13,31.9,32.39,,2197579.0
2009-08-17,32.11,31.72,31.51,31.71,,2945681.0
2009-08-18,32.48,32.45,31.58,31.83,,2984787.0
2009-08-19,32.47,32.36,31.9,32.02,,2546392.0
2009-08-20,33.05,33.03,32.26,32.3,,1939923.0
2009-08-21,33.47,33.12,32.85,33.19,,3152166.0
2009-08-24,33.25,32.79,32.69,33.19,,2168053.0
2009-08-25,33.2,32.52,32.48,33.02,,2338762.0
2009-08-26,32.68,32.45,32.12,32.48,,4191227.0
2009-08-27,32.62,32.24,32.002,32.6,,3035768.0
2009-08-28,32.6,32.11,31.93,32.6,,2186618.0
2009-08-31,32.13,31.65,31.51,31.84,,3660299.0
2009-09-01,31.89,31.09,31.02,31.66,,3588825.0
2009-09-02,31.32,30.98,30.85,31.04,,1733868.0
2009-09-03,32.03,31.99,31.11,31.2,,4121346.0
2009-09-04,33.55,33.38,32.03,32.03,,4512952.0
2009-09-08,34.32,34.28,33.49,33.69,,5246825.0
2009-09-09,34.41,34.27,33.89,34.24,,3745969.0
2009-09-10,34.96,34.96,34.14,34.31,,3724194.0
2009-09-11,35.65,35.43,34.93,35.18,,4462985.0
2009-09-14,35.27,34.8,34.03,34.51,,7366349.0
2009-09-15,35.59,35.45,34.53,34.86,,4099260.0
2009-09-16,36.27,35.78,35.17,36.21,,5129250.0
2009-09-17,36.69,36.69,35.67,35.71,,5176061.0
2009-09-18,37.71,37.63,36.74,36.94,,8120153.0
2009-09-21,37.59,37.37,36.98,37.31,,3732888.0
2009-09-22,37.7,37.32,37.25,37.67,,2638639.0
2009-09-23,37.66,37.2,36.9,37.55,,3039699.0
2009-09-24,37.56,36.4,36.31,37.33,,4610396.0
2009-09-25,36.63,36.39,35.88,36.18,,4025831.0
2009-09-28,36.97,36.85,36.4,36.57,,2212977.0
2009-09-29,36.95,36.39,36.2901,36.86,,2846486.0
2009-09-30,36.83,36.4,35.93,36.68,,4519106.0
2009-10-01,35.95,35.38,35.23,35.55,,5025029.0
2009-10-02,36.1278,35.65,35.03,35.09,,3937812.0
2009-10-05,36.49,36.44,35.67,35.78,,2895725.0
2009-10-06,37.365,37.25,36.46,36.5,,5419431.0
2009-10-07,37.24,36.91,36.7,37.24,,2273106.0
2009-10-08,37.27,36.61,36.4,37.05,,3628418.0
2009-10-09,36.78,36.68,36.41,36.44,,2215083.0
2009-10-12,37.75,37.73,36.73,36.73,,3753443.0
2009-10-13,37.75,37.17,37.11,37.64,,3467482.0
2009-10-14,38.15,38.12,37.33,37.65,,5043255.0
2009-10-15,40.2,40.04,38.0,38.0,,9621676.0
2009-10-16,39.88,39.45,39.31,39.88,,3185111.0
2009-10-19,40.32,40.08,39.45,39.94,,2558578.0
2009-10-20,40.54,39.63,38.9504,40.44,,4504858.0
2009-10-21,40.45,38.95,38.89,39.57,,3555970.0
2009-10-22,39.41,39.06,38.68,38.96,,2533841.0
2009-10-23,39.485,38.46,38.33,39.4,,2128914.0
2009-10-26,39.3,38.13,37.98,38.45,,2351261.0
2009-10-27,38.5,37.76,37.75,38.02,,2186404.0
2009-10-28,37.78,37.28,36.881,37.61,,4459988.0
2009-10-29,38.311,38.24,37.48,37.53,,2985422.0
2009-10-30,38.23,36.82,36.79,38.14,,2948392.0
2009-11-02,37.72,37.13,36.55,37.12,,3676038.0
2009-11-03,38.51,38.42,36.15,36.74,,4259028.0
2009-11-04,39.25,38.35,37.68,38.25,,3489477.0
2009-11-05,39.23,38.7,38.46,38.75,,1945790.0
2009-11-06,38.87,38.76,38.4,38.7,,2077718.0
2009-11-09,39.81,39.72,39.11,39.11,,2326465.0
2009-11-10,40.04,39.66,39.39,39.54,,1864560.0
2009-11-11,40.1,39.99,39.37,39.88,,3087928.0
2009-11-12,40.1,39.42,39.25,40.1,,2088857.0
2009-11-13,39.92,39.77,39.15,39.38,,1436389.0
2009-11-16,40.54,40.52,39.725,39.93,,2171232.0
2009-11-17,41.23,41.14,40.11,40.34,,2196560.0
2009-11-18,41.3,40.94,40.71,41.2,,1970591.0
2009-11-19,40.75,40.42,39.9,40.74,,2572815.0
2009-11-20,40.79,40.64,39.76,40.11,,2758286.0
2009-11-23,41.78,40.8,40.59,41.21,,2698379.0
2009-11-24,40.97,40.81,40.42,40.75,,2524852.0
2009-11-25,41.299999,41.25,40.7,40.89,,3167098.0
2009-11-27,41.25,40.88,40.05,40.19,,1044799.0
2009-11-30,40.97,40.92,40.43,40.96,,2130432.0
2009-12-01,41.86,41.67,40.92,41.11,,2288418.0
2009-12-02,42.42,41.54,41.36,41.55,,2332691.0
2009-12-03,41.9,40.99,40.98,41.71,,2363893.0
2009-12-04,42.13,41.0,40.75,41.6,,3487647.0
2009-12-07,41.13,40.32,40.19,41.13,,3863430.0
2009-12-08,40.14,39.17,39.055,40.06,,5344560.0
2009-12-09,39.41,39.37,38.93,39.27,,3529985.0
2009-12-10,40.55,40.1,39.57,39.57,,3014293.0
2009-12-11,40.35,40.04,39.93,40.34,,1766351.0
2009-12-14,40.99,40.82,40.28,40.48,,2347268.0
2009-12-15,41.36,40.95,40.51,40.6,,2421810.0
2009-12-16,41.85,41.58,41.2,41.23,,2886453.0
2009-12-17,42.07,41.66,41.3,41.5,,2595540.0
2009-12-18,42.16,42.12,41.64,41.78,,3716250.0
2009-12-21,43.0,42.66,42.43,42.77,,1971024.0
2009-12-22,43.04,43.04,42.505001,42.85,,1646179.0
2009-12-23,43.41,42.94,42.51,43.28,,1717254.0
2009-12-24,43.55,43.42,43.07,43.18,,795617.0
2009-12-28,43.71,43.47,43.38,43.59,,3183526.0
2009-12-29,43.73,43.18,43.14,43.73,,1918830.0
2009-12-30,43.4,43.31,42.88,43.1,,1283427.0
2009-12-31,43.84,43.21,43.099998,43.35,,2123306.0
2010-01-04,43.89,43.46,43.28,43.49,,2750583.0
2010-01-05,44.25,44.18,43.4,43.5,,2576151.0
2010-01-06,44.56,44.41,43.77,44.24,,3215218.0
2010-01-07,44.57,44.29,44.01,44.43,,2615167.0
2010-01-08,44.57,44.38,44.01,44.38,,1934658.0
2010-01-11,44.9,43.98,43.66,44.87,,3276066.0
2010-01-12,43.94,43.44,43.01,43.75,,2973541.0
2010-01-13,44.47,44.36,43.61,43.61,,2799811.0
2010-01-14,44.66,44.61,44.04,44.35,,4387579.0
2010-01-15,45.0,44.0,43.8,44.49,,3130256.0
2010-01-19,44.38,44.19,43.77,44.06,,1995653.0
2010-01-20,44.43,44.33,43.78,44.02,,3053371.0
2010-01-21,44.5,43.98,43.78,44.42,,3300964.0
2010-01-22,44.59,42.18,42.07,43.83,,4021172.0
2010-01-25,43.5,43.2,42.56,42.56,,3857091.0
2010-01-26,43.17,42.54,42.15,43.17,,3732324.0
2010-01-27,42.81,42.66,41.81,42.58,,3584906.0
2010-01-28,43.31,42.32,41.87,42.74,,3740442.0
2010-01-29,42.81,42.45,42.24,42.39,,3757064.0
2010-02-01,43.15,43.08,42.28,42.95,,2721253.0
2010-02-02,43.09,43.03,42.28,43.07,,2360900.0
2010-02-03,43.37,42.79,42.66,42.95,,3048901.0
2010-02-04,42.63,41.02,41.0,42.63,,3758192.0
2010-02-05,41.06,40.1,39.46,40.96,,7923970.0
2010-02-08,41.18,40.67,40.0,40.03,,4943122.0
2010-02-09,41.63,41.45,40.83,41.28,,4121357.0
2010-02-10,41.92,41.59,41.25,41.5,,3020487.0
2010-02-11,42.76,42.52,41.26,41.6,,2959881.0
2010-02-12,42.88,42.62,42.03,42.26,,2758215.0
2010-02-16,43.41,43.36,42.92,42.92,,2839329.0
2010-02-17,43.81,43.71,43.315,43.5,,2247873.0
2010-02-18,43.83,43.39,43.2,43.62,,2924911.0
2010-02-19,44.28,43.92,43.11,43.25,,3065120.0
2010-02-22,44.08,43.78,43.3501,44.08,,2535159.0
2010-02-23,43.71,42.81,42.48,43.71,,4557314.0
2010-02-24,43.1,42.62,41.65,42.87,,6006111.0
2010-02-25,42.92,42.8,41.8,42.34,,4325533.0
2010-02-26,42.959999,42.66,42.17,42.81,,4030089.0
2010-03-01,43.31,42.93,42.77,42.78,,2656743.0
2010-03-02,43.2971,42.78,42.7,43.07,,3801401.0
2010-03-03,43.43,42.98,42.57,42.81,,2697193.0
2010-03-04,43.15,42.96,42.53,43.12,,2586816.0
2010-03-05,43.55,43.41,43.05,43.17,,1992546.0
2010-03-08,43.45,42.45,42.38,43.25,,4482084.0
2010-03-09,43.27,42.89,42.13,42.22,,4712490.0
2010-03-10,43.25,43.11,42.74,42.86,,2098006.0
2010-03-11,43.5,43.5,42.8,43.0,,2310963.0
2010-03-12,43.8,43.38,43.33,43.54,,3540085.0
2010-03-15,43.57,43.34,42.93,43.12,,2748256.0
2010-03-16,44.44,44.26,43.3,43.31,,4366520.0
2010-03-17,44.29,44.25,43.96,44.27,,3143452.0
2010-03-18,44.5,44.01,43.74,44.25,,3211673.0
2010-03-19,44.42,44.29,43.99,43.99,,3288334.0
2010-03-22,44.46,44.25,43.81,43.97,,2887289.0
2010-03-23,44.679,44.57,44.2,44.3,,2728402.0
2010-03-24,44.85,44.47,43.95,44.56,,3220607.0
2010-03-25,44.62,42.46,42.33,44.55,,11561394.0
2010-03-26,42.81,41.65,41.36,42.57,,8362022.0
2010-03-29,43.0,42.77,41.89,41.89,,5162348.0
2010-03-30,42.87,42.78,42.5,42.56,,6004879.0
2010-03-31,43.13,42.61,42.41,42.6,,3150708.0
2010-04-01,43.29,42.7,42.37,42.91,,3596898.0
2010-04-05,43.44,43.32,42.69,42.77,,2581805.0
2010-04-06,43.19,42.81,42.755001,43.19,,3148595.0
2010-04-07,42.67,41.83,41.6,42.67,,6302591.0
2010-04-08,42.07,42.03,41.52,42.05,,5007079.0
2010-04-09,42.78,42.62,42.02,42.07,,4284927.0
2010-04-12,42.98,42.35,42.2,42.75,,3040008.0
2010-04-13,42.2925,42.15,41.62,42.24,,4219022.0
2010-04-14,42.28,42.11,41.6,42.11,,4620092.0
2010-04-15,42.23,42.03,41.63,41.99,,4793420.0
2010-04-16,42.19,41.97,41.2,41.91,,8992958.0
2010-04-19,42.08,41.54,41.21,41.85,,4472303.0
2010-04-20,42.32,42.18,41.67,41.84,,2618510.0
2010-04-21,42.37,42.02,41.8,42.37,,2950432.0
2010-04-22,42.22,42.17,41.44,41.63,,2068102.0
2010-04-23,42.41,42.37,41.75,42.15,,2741562.0
2010-04-26,42.49,41.86,41.78,42.38,,2479240.0
2010-04-27,41.75,41.14,41.09,41.65,,2943817.0
2010-04-28,41.47,40.79,40.55,41.31,,4043838.0
2010-04-29,41.4,41.05,40.8,40.94,,4155232.0
2010-04-30,41.85,40.81,40.81,41.19,,3773138.0
2010-05-03,41.54,41.28,40.93,41.22,,3108224.0
2010-05-04,41.41,41.01,40.0,40.92,,5001991.0
2010-05-05,41.17,40.88,40.51,40.52,,4261439.0
2010-05-06,41.17,40.03,38.1,40.75,,7401917.0
2010-05-07,40.27,38.86,38.31,39.78,,8435420.0
2010-05-10,41.22,40.86,39.85,40.35,,7397823.0
2010-05-11,41.64,40.97,40.65,41.15,,3524874.0
2010-05-12,41.81,41.72,41.07,41.18,,2220320.0
2010-05-13,42.04,41.75,41.58,41.71,,2913387.0
2010-05-14,41.64,41.18,40.9,41.51,,3927986.0
2010-05-17,41.62,41.52,40.88,41.23,,3586491.0
2010-05-18,42.2,41.13,40.97,41.77,,2457648.0
2010-05-19,41.02,40.49,39.86,40.93,,4030274.0
2010-05-20,39.8,39.05,38.77,39.77,,7226030.0
2010-05-21,40.38,40.38,38.09,38.1,,8338758.0
2010-05-24,40.54,39.51,39.48,40.18,,5048899.0
2010-05-25,39.68,39.63,38.4,38.82,,5042571.0
2010-05-26,40.51,39.75,39.6,39.82,,5107165.0
2010-05-27,41.02,40.99,40.018,40.3,,3104854.0
2010-05-28,41.26,40.53,40.33,40.74,,2345401.0
2010-06-01,40.96,39.84,39.82,40.31,,2966639.0
2010-06-02,41.51,41.45,40.14,40.14,,4244815.0
2010-06-03,42.595001,42.48,41.5705,41.59,,3877186.0
2010-06-04,42.31,41.51,41.26,41.67,,5101243.0
2010-06-07,42.47,41.9,41.48,41.75,,5725921.0
2010-06-08,42.62,42.25,41.59,42.02,,6441412.0
2010-06-09,42.94,41.97,41.81,42.39,,3887283.0
2010-06-10,43.2,43.19,42.36,42.49,,4106967.0
2010-06-11,44.36,44.22,42.72,42.72,,5072697.0
2010-06-14,44.98,43.67,43.57,44.32,,4747833.0
2010-06-15,44.46,44.39,43.77,43.88,,3133116.0
2010-06-16,44.9499,44.7,43.95,44.0,,3006952.0
2010-06-17,45.0,44.97,44.51,44.86,,3128765.0
2010-06-18,45.3,45.07,44.87,45.01,,6436808.0
2010-06-21,46.209999,45.12,44.91,45.61,,4048535.0
2010-06-22,45.46,44.37,44.29,45.15,,3623929.0
2010-06-23,45.2,44.71,43.85,44.41,,4913056.0
2010-06-24,44.75,43.54,43.5,44.52,,4295523.0
2010-06-25,44.45,43.98,43.51,43.69,,3422419.0
2010-06-28,45.72,45.33,44.19,44.2,,4765307.0
2010-06-29,44.92,44.51,44.13,44.84,,6414329.0
2010-06-30,45.22,44.5,44.23,44.43,,5082792.0
2010-07-01,44.78,44.09,43.26,44.33,,6245779.0
2010-07-02,44.42,43.7,43.37,44.29,,3370660.0
2010-07-06,45.35,45.11,44.1,44.34,,5759447.0
2010-07-07,46.91,46.88,45.18,45.43,,5949519.0
2010-07-08,47.21,46.39,45.99,47.14,,4222689.0
2010-07-09,46.82,46.01,45.81,46.31,,3527997.0
2010-07-12,45.95,45.32,45.08,45.73,,3607903.0
2010-07-13,45.9699,45.6,45.24,45.83,,3408707.0
2010-07-14,45.935001,45.78,45.25,45.85,,2765173.0
2010-07-15,45.88,45.55,45.07,45.64,,2334246.0
2010-07-16,45.43,44.19,44.02,45.3,,3613248.0
2010-07-19,44.36,44.13,43.74,44.3,,2042680.0
2010-07-20,46.75,46.58,44.62,44.63,,8159898.0
2010-07-21,46.75,45.62,45.19,46.73,,5728389.0
2010-07-22,46.5,46.39,45.84,46.14,,2892152.0
2010-07-23,46.7701,46.77,45.72,46.36,,2764312.0
2010-07-26,46.92,46.3,45.97,46.92,,3662294.0
2010-07-27,46.61,45.61,45.25,46.56,,3350386.0
2010-07-28,46.16,45.71,45.41,45.52,,2388470.0
2010-07-29,46.28,45.53,45.33,45.93,,4301487.0
2010-07-30,46.41,46.24,44.73,45.07,,3466633.0
2010-08-02,47.09,46.69,46.1,46.81,,4469765.0
2010-08-03,46.81,46.46,45.96,46.61,,3007235.0
2010-08-04,47.04,46.94,46.4,46.45,,3800543.0
2010-08-05,47.06,46.96,46.42,46.77,,2516235.0
2010-08-06,47.42,46.75,46.13,46.66,,3159634.0
2010-08-09,47.27,46.75,46.52,46.99,,1816643.0
2010-08-10,46.92,46.67,46.07,46.45,,2431819.0
2010-08-11,45.91,45.22,45.17,45.9,,5093698.0
2010-08-12,46.11,45.89,44.27,44.51,,4635018.0
2010-08-13,46.06,45.76,45.53,45.8,,1789052.0
2010-08-16,46.06,46.04,45.14,45.41,,1729940.0
2010-08-17,47.46,47.41,46.0,46.25,,3670918.0
2010-08-18,48.33,48.02,47.01,47.47,,4249880.0
2010-08-19,47.98,47.49,47.162,47.8,,3815706.0
2010-08-20,47.76,47.43,46.74,47.51,,2632750.0
2010-08-23,47.72,46.94,46.91,47.46,,1972568.0
2010-08-24,46.76,46.22,46.02,46.36,,3480876.0
2010-08-25,47.26,47.16,45.78,45.79,,3050578.0
2010-08-26,47.86,47.1,46.95,47.25,,3058180.0
2010-08-27,47.67,47.36,46.54,47.46,,2376555.0
2010-08-30,47.34,46.46,46.46,47.2,,1876595.0
2010-08-31,47.04,46.86,46.08,46.12,,2600519.0
2010-09-01,47.6,47.25,47.04,47.32,,3517796.0
2010-09-02,47.85,47.84,47.22,47.22,,2298817.0
2010-09-03,48.3499,48.22,47.64,48.17,,2833372.0
2010-09-07,48.52,48.37,47.73,48.2,,2558172.0
2010-09-08,49.62,49.36,48.2545,48.41,,4380931.0
2010-09-09,49.95,49.09,48.71,49.9,,2178044.0
2010-09-10,49.28,49.07,48.65,49.11,,1902227.0
2010-09-13,49.55,49.0,48.99,49.36,,2643790.0
2010-09-14,49.22,48.73,48.65,48.88,,2959647.0
2010-09-15,49.174999,48.88,48.38,48.67,,2461792.0
2010-09-16,49.05,48.36,48.35,48.84,,2167697.0
2010-09-17,49.29,49.27,48.62,48.73,,4653247.0
2010-09-20,50.18,50.07,49.31,49.5,,2898708.0
2010-09-21,51.02,50.48,49.93,50.1,,2991558.0
2010-09-22,50.88,50.5,50.23,50.51,,3351354.0
2010-09-23,50.85,50.58,49.84,50.04,,3174374.0
2010-09-24,51.76,51.69,50.84,51.12,,2467397.0
2010-09-27,52.09,51.82,51.21,51.63,,3329185.0
2010-09-28,52.22,52.11,51.21,51.85,,2479249.0
2010-09-29,52.2,51.79,51.5501,51.81,,3816687.0
2010-09-30,52.32,51.26,51.24,52.1,,3634004.0
2010-10-01,51.73,51.62,51.15,51.45,,3002125.0
2010-10-04,51.84,51.06,50.855,51.59,,2930498.0
2010-10-05,52.34,51.88,51.39,51.43,,2522747.0
2010-10-06,52.05,50.75,50.31,51.94,,3687632.0
2010-10-07,51.63,50.41,50.31,51.03,,3782364.0
2010-10-08,50.56,50.37,50.13,50.53,,2161703.0
2010-10-11,50.46,50.01,49.86,50.36,,2056283.0
2010-10-12,50.85,50.62,49.38,49.8,,3888773.0
2010-10-13,51.17,50.76,50.65,50.92,,4293949.0
2010-10-14,51.57,51.38,50.73,50.73,,3538177.0
2010-10-15,51.87,50.81,50.38,51.79,,3339495.0
2010-10-18,50.87,50.49,50.28,50.74,,1890306.0
2010-10-19,50.35,49.79,49.47,50.06,,2137864.0
2010-10-20,50.84,50.45,49.8201,49.95,,2106089.0
2010-10-21,50.81,50.02,49.4,50.81,,2903952.0
2010-10-22,50.35,50.22,49.9,50.11,,1896476.0
2010-10-25,51.025,50.81,50.44,50.5,,1895664.0
2010-10-26,50.98,50.84,50.29,50.57,,1928567.0
2010-10-27,50.83,50.7,50.17,50.55,,2658339.0
2010-10-28,51.91,51.74,50.93,50.93,,2617645.0
2010-10-29,51.8838,51.61,51.155,51.53,,2203857.0
2010-11-01,51.85,51.79,51.335,51.79,,1803144.0
2010-11-02,52.25,51.88,51.6,52.18,,2147136.0
2010-11-03,52.18,52.13,51.5,52.08,,2327319.0
2010-11-04,52.61,52.41,51.96,52.55,,2947150.0
2010-11-05,52.49,51.92,50.0,52.08,,5326920.0
2010-11-08,52.419998,52.37,51.55,51.94,,3017621.0
2010-11-09,53.08,52.19,52.07,52.9,,4205847.0
2010-11-10,53.52,53.11,52.25,52.3,,3343501.0
2010-11-11,53.215,53.14,52.62,52.9,,2576886.0
2010-11-12,53.01,52.36,52.1,52.87,,2153424.0
2010-11-15,52.49,51.46,51.3,52.4,,2542368.0
2010-11-16,51.18,50.54,50.36,51.12,,2304378.0
2010-11-17,51.21,51.04,50.5,50.59,,1986812.0
2010-11-18,51.8599,51.59,51.41,51.53,,1894348.0
2010-11-19,52.16,51.94,51.14,51.52,,3327927.0
2010-11-22,51.94,51.83,51.11,51.72,,3490089.0
2010-11-23,51.56,51.15,50.77,51.13,,3091219.0
2010-11-24,52.135,52.04,51.16,51.38,,1957281.0
2010-11-26,52.1,51.77,51.51,51.6,,582658.0
2010-11-29,51.54,50.82,50.5,51.52,,2482829.0
2010-11-30,51.0,50.57,50.15,50.35,,2829089.0
2010-12-01,51.49,51.03,51.01,51.49,,2816012.0
2010-12-02,52.13,51.81,51.25,51.5,,2359131.0
2010-12-03,52.48,51.58,51.38,51.72,,1976468.0
2010-12-06,51.85,51.77,51.21,51.56,,1891790.0
2010-12-07,52.37,51.76,51.64,52.25,,2738642.0
2010-12-08,51.985,51.07,50.8,51.7,,2340153.0
2010-12-09,51.35,50.85,50.37,51.35,,2269885.0
2010-12-10,51.0,50.46,50.41,51.0,,2204665.0
2010-12-13,50.83,50.01,50.01,50.64,,3084536.0
2010-12-14,50.77,50.44,50.1101,50.16,,2537727.0
2010-12-15,50.55,50.13,50.05,50.39,,2225345.0
2010-12-16,50.18,49.99,48.83,50.11,,4905840.0
2010-12-17,49.94,49.61,49.51,49.94,,3099222.0
2010-12-20,51.18,51.05,49.75,49.77,,3023903.0
2010-12-21,51.26,50.72,50.59,51.11,,2624626.0
2010-12-22,51.0,50.79,50.619999,50.83,,1408723.0
2010-12-23,50.79,50.53,50.4,50.63,,1064122.0
2010-12-27,50.9,50.84,50.42,50.73,,912358.0
2010-12-28,51.05,50.93,50.67,50.87,,1088400.0
2010-12-29,51.28,51.18,50.61,50.99,,1408724.0
2010-12-30,51.54,51.47,51.04,51.08,,1227098.0
2010-12-31,51.73,51.64,51.25,51.48,,1510868.0
2011-01-03,52.15,51.63,51.46,51.91,,2413801.0
2011-01-04,52.19,51.47,51.35,51.63,,2932076.0
2011-01-05,51.4,50.76,50.74,51.22,,3415755.0
2011-01-06,51.175,50.62,50.48,50.79,,2879913.0
2011-01-07,51.09,50.5,50.42,50.96,,3571155.0
2011-01-10,50.68,50.41,50.07,50.26,,2706243.0
2011-01-11,50.8,50.47,50.22,50.55,,3396991.0
2011-01-12,50.84,50.7,50.5175,50.67,,2359224.0
2011-01-13,51.56,50.75,50.62,50.87,,2899691.0
2011-01-14,50.83,49.85,49.77,50.58,,2750597.0
2011-01-18,50.22,49.49,49.33,49.92,,3676436.0
2011-01-19,49.37,49.18,48.779999,49.2,,3377489.0
2011-01-20,50.5299,50.32,48.938,49.05,,3971082.0
2011-01-21,50.97,50.52,50.38,50.64,,2847158.0
2011-01-24,51.01,51.01,50.34,50.47,,2029159.0
2011-01-25,51.84,51.37,50.26,50.86,,5074349.0
2011-01-26,52.24,51.94,51.400002,51.78,,3730125.0
2011-01-27,52.16,52.0,51.56,52.05,,2179908.0
2011-01-28,52.48,51.32,51.17,51.96,,2252973.0
2011-01-31,51.54,50.86,50.73,51.27,,2015726.0
2011-02-01,51.9,51.78,51.05,51.08,,1976081.0
2011-02-02,52.11,51.91,51.61,51.61,,1848939.0
2011-02-03,52.78,52.68,51.61,51.76,,2184500.0
2011-02-04,53.8,53.59,52.709,52.74,,3108729.0
2011-02-07,54.19,53.66,53.53,53.96,,2418177.0
2011-02-08,54.3,54.28,53.66,53.66,,1967934.0
2011-02-09,54.74,54.59,54.14,54.3,,1987000.0
2011-02-10,55.08,55.0,54.26,54.43,,1951996.0
2011-02-11,56.75,56.73,54.78,54.9,,3889964.0
2011-02-14,56.8399,56.01,55.87,56.63,,2917705.0
2011-02-15,56.21,55.81,55.5,55.93,,2203673.0
2011-02-16,56.48,55.62,55.4301,56.06,,2108059.0
2011-02-17,55.78,54.65,54.44,55.58,,2899184.0
2011-02-18,54.91,54.26,53.51,54.76,,4283373.0
2011-02-22,54.59,52.98,52.75,53.81,,3504338.0
2011-02-23,53.76,51.85,51.32,53.0,,5551164.0
2011-02-24,52.935,52.85,51.85,52.0,,3611837.0
2011-02-25,53.8,53.76,52.63,52.99,,3291146.0
2011-02-28,54.0,53.96,53.41,53.86,,3104016.0
2011-03-01,54.1199,52.72,52.7,53.99,,3087447.0
2011-03-02,53.12,52.28,51.82,52.71,,2786685.0
2011-03-03,53.45,53.33,52.6612,52.68,,2273554.0
2011-03-04,53.33,53.07,52.650002,53.26,,1641297.0
2011-03-07,53.72,53.08,53.06,53.11,,3381437.0
2011-03-08,52.56,52.12,50.88,52.22,,5052124.0
2011-03-09,52.39,52.19,51.67,52.11,,2198810.0
2011-03-10,51.58,50.78,50.57,51.58,,3669267.0
2011-03-11,50.9,50.81,50.4,50.45,,5499228.0
2011-03-14,50.51,50.22,49.57,50.42,,2741309.0
2011-03-15,50.18,50.02,49.0,49.2,,3449697.0
2011-03-16,51.22,50.44,50.04,50.04,,4513113.0
2011-03-17,51.24,51.04,50.52,51.02,,2064719.0
2011-03-18,51.81,50.62,50.37,51.735,,2446020.0
2011-03-21,47.41,46.61,45.85,46.650002,,21983101.0
2011-03-22,48.759998,48.72,46.97,47.04,,9742177.0
2011-03-23,49.875,49.47,48.43,48.6,,6400402.0
2011-03-24,50.71,49.07,48.98,49.95,,7268963.0
2011-03-25,49.73,49.64,48.87,48.97,,4238793.0
2011-03-28,50.47,50.0,49.64,50.37,,2933861.0
2011-03-29,50.59,50.51,49.46,49.86,,3449996.0
2011-03-30,51.79,51.74,50.705,50.72,,4400928.0
2011-03-31,52.0,51.82,51.29,51.62,,3048489.0
2011-04-01,52.75,52.33,51.95,51.98,,2603888.0
2011-04-04,52.53,51.97,51.9,52.41,,2509919.0
2011-04-05,51.83,50.74,50.62,51.78,,4822947.0
2011-04-06,51.1,50.9,50.55,50.82,,2861075.0
2011-04-07,50.99,50.77,50.38,50.8,,3426022.0
2011-04-08,51.05,50.28,50.11,50.97,,2137273.0
2011-04-11,50.72,50.13,50.025,50.35,,2881614.0
2011-04-12,50.16,49.63,49.560001,50.06,,3955568.0
2011-04-13,50.47,50.36,49.62,49.74,,4387257.0
2011-04-14,50.25,50.18,49.56,50.22,,3696385.0
2011-04-15,50.8,50.58,50.08,50.27,,3689843.0
2011-04-18,50.06,49.56,49.41,50.04,,3123571.0
2011-04-19,49.91,49.52,49.08,49.62,,3510260.0
2011-04-20,51.150002,51.05,49.9901,50.0,,2961467.0
2011-04-21,51.56,51.31,51.17,51.36,,2446049.0
2011-04-25,51.35,51.05,50.98,51.03,,1879483.0
2011-04-26,51.82,51.79,50.755,51.09,,2352688.0
2011-04-27,52.94,52.87,51.8,51.95,,2974985.0
2011-04-28,53.139999,52.38,52.31,52.72,,2963565.0
2011-04-29,52.66,52.31,51.98,52.28,,2867004.0
2011-05-02,52.540001,51.54,51.380001,52.51,,2171893.0
2011-05-03,53.28,52.52,52.15,52.28,,4129015.0
2011-05-04,52.81,51.74,51.38,52.49,,3162446.0
2011-05-05,53.44,52.96,51.2262,51.45,,4167094.0
2011-05-06,53.74,52.41,52.12,53.31,,2430222.0
2011-05-09,53.43,53.07,52.4,52.4,,1652903.0
2011-05-10,53.75,53.69,52.9,53.13,,3711620.0
2011-05-11,53.94,53.52,53.08,53.59,,2287003.0
2011-05-12,53.51,53.31,53.08,53.38,,2236495.0
2011-05-13,53.4,52.94,52.5,53.18,,1633302.0
2011-05-16,52.99,52.5,52.43,52.77,,1925718.0
2011-05-17,52.5,52.2,51.855,52.45,,2669071.0
2011-05-18,52.41,52.16,52.03,52.32,,3110915.0
2011-05-19,52.57,52.08,51.89,52.36,,2307994.0
2011-05-20,54.0,53.64,51.9,52.32,,5602525.0
2011-05-23,53.56,53.15,52.69,53.17,,2511503.0
2011-05-24,54.65,54.14,53.19,53.19,,5817787.0
2011-05-25,54.82,54.3,53.53,53.93,,4078415.0
2011-05-26,55.26,55.22,54.01,54.17,,2702172.0
2011-05-27,55.38,54.91,54.645,55.32,,2645847.0
2011-05-31,55.51,55.48,54.65,55.5,,3066838.0
2011-06-01,55.52,54.13,54.09,55.46,,2352982.0
2011-06-02,54.82,54.38,54.13,54.25,,2195101.0
2011-06-03,52.67,51.21,50.25,50.45,,12627045.0
2011-06-06,52.52,51.77,51.44,51.59,,5452167.0
2011-06-07,52.09,51.29,51.27,51.83,,2445175.0
2011-06-08,51.48,50.15,50.11,51.18,,6635958.0
2011-06-09,50.48,49.85,49.1929,50.33,,8241015.0
2011-06-10,50.52,50.0,49.87,49.87,,4770966.0
2011-06-13,50.78,50.09,49.9,49.99,,3858260.0
2011-06-14,50.91,50.71,50.45,50.51,,3277099.0
2011-06-15,51.24,50.72,50.26,50.279999,,3748595.0
2011-06-16,50.74,50.12,49.965,50.73,,4307966.0
2011-06-17,50.67,50.2,50.17,50.47,,2895241.0
2011-06-20,50.950001,50.68,49.89,50.0,,1814331.0
2011-06-21,51.900002,51.78,50.81,50.91,,2199203.0
2011-06-22,52.17,51.94,51.48,51.48,,2671672.0
2011-06-23,52.58,52.49,51.25,51.42,,3016938.0
2011-06-24,52.52,51.75,51.59,52.42,,2063247.0
2011-06-27,52.08,51.86,51.0,51.57,,2396816.0
2011-06-28,52.215,52.0,51.9,51.92,,2695411.0
2011-06-29,52.61,52.27,52.12,52.24,,2681785.0
2011-06-30,52.62,52.33,52.11,52.54,,2459920.0
2011-07-01,54.36,54.28,52.33,52.6,,4498067.0
2011-07-05,54.39,53.59,53.53,54.16,,2475760.0
2011-07-06,54.38,53.74,53.03,53.4,,2441303.0
2011-07-07,54.38,53.68,53.55,54.11,,2150625.0
2011-07-08,53.5,53.48,52.89,53.19,,1360456.0
2011-07-11,53.27,53.06,52.89,53.02,,1881586.0
2011-07-12,53.42,52.91,52.72,52.91,,1547750.0
2011-07-13,53.69,53.12,52.99,53.22,,1331101.0
2011-07-14,53.39,52.32,52.0,53.15,,1737841.0
2011-07-15,53.28,53.23,52.3905,52.53,,2263727.0
2011-07-18,53.29,52.22,51.97,52.87,,1660682.0
2011-07-19,53.18,52.91,52.41,52.47,,1620181.0
2011-07-20,53.11,52.52,52.13,53.06,,1466604.0
2011-07-21,53.27,53.07,52.5,52.81,,2359602.0
2011-07-22,53.32,53.32,52.79,52.96,,1429201.0
2011-07-25,53.04,52.75,52.54,52.93,,1402328.0
2011-07-26,53.0,52.74,52.5,52.67,,1733788.0
2011-07-27,52.55,51.22,51.21,52.54,,3003371.0
2011-07-28,53.62,52.6,51.1,51.25,,3668430.0
2011-07-29,52.76,52.53,51.58,51.98,,2711446.0
2011-08-01,53.09,52.5,51.74,52.92,,2574801.0
2011-08-02,52.74,50.5,50.41,52.285,,4233886.0
2011-08-03,53.78,53.67,50.52,51.0,,5905903.0
2011-08-04,53.27,51.01,50.830002,52.72,,5696811.0
2011-08-05,51.57,49.98,49.16,51.5,,7246839.0
2011-08-08,49.15,46.35,46.34,49.0,,6544764.0
2011-08-09,49.26,49.2,46.04,46.99,,6201892.0
2011-08-10,49.06,47.37,47.27,48.39,,5694152.0
2011-08-11,50.0,49.35,46.95,46.95,,4035988.0
2011-08-12,50.44,50.2,49.49,49.62,,2700914.0
2011-08-15,51.78,51.48,50.48,50.48,,2689623.0
2011-08-16,51.34,51.03,50.42,51.07,,2174231.0
2011-08-17,51.78,50.85,50.5,51.18,,2109234.0
2011-08-18,50.15,48.35,47.99,49.82,,4045983.0
2011-08-19,49.53,48.83,47.94,48.0,,4325689.0
2011-08-22,50.06,48.91,48.53,49.95,,3186259.0
2011-08-23,50.81,50.76,48.97,49.14,,3337208.0
2011-08-24,51.63,51.5,50.5,50.59,,2866747.0
2011-08-25,51.77,50.51,50.35,51.68,,3665795.0
2011-08-26,51.95,51.86,48.75,50.31,,3752738.0
2011-08-29,52.88,52.24,51.86,52.24,,3029233.0
2011-08-30,53.39,53.2,52.01,52.16,,2764961.0
2011-08-31,54.89,53.86,53.33,53.71,,6200578.0
2011-09-01,54.99,54.26,53.98,54.06,,3957388.0
2011-09-02,53.78,53.14,52.72,53.15,,2729282.0
2011-09-06,53.19,53.05,51.46,52.43,,2513770.0
2011-09-07,53.97,53.5,53.24,53.75,,2714124.0
2011-09-08,53.77,53.41,53.21,53.22,,3774544.0
2011-09-09,53.13,52.38,52.17,52.89,,4011243.0
2011-09-12,52.32,52.3,51.45,51.76,,4007199.0
2011-09-13,52.99,52.9,51.952,52.41,,3053072.0
2011-09-14,54.75,54.16,52.54,53.2,,3700618.0
2011-09-15,54.92,54.86,54.04,54.52,,3334889.0
2011-09-16,55.0,54.9,54.1,54.91,,3759095.0
2011-09-19,55.4101,55.21,53.91,53.98,,2584169.0
2011-09-20,56.209999,55.15,54.975,55.51,,3213573.0
2011-09-21,55.860001,54.1,54.04,55.43,,3848755.0
2011-09-22,53.21,52.3,51.47,52.64,,6830289.0
2011-09-23,53.05,52.29,51.82,51.91,,3679492.0
2011-09-26,53.595,53.5,52.28,52.78,,4527474.0
2011-09-27,55.56,54.58,53.81,54.1,,3825487.0
2011-09-28,54.6793,53.96,53.83,54.65,,3249714.0
2011-09-29,54.879,53.59,52.505001,54.79,,3178909.0
2011-09-30,54.15,53.8,53.05,53.06,,5541016.0
2011-10-03,54.68,52.86,52.82,53.75,,6670906.0
2011-10-04,54.06,54.01,51.05,52.12,,5466124.0
2011-10-05,55.46,55.06,53.45,53.64,,4987888.0
2011-10-06,55.79,55.59,54.79,55.04,,3889949.0
2011-10-07,56.27,54.93,54.85,55.61,,4396508.0
2011-10-10,56.06,55.92,55.38,55.81,,2468913.0
2011-10-11,55.71,55.27,55.11,55.54,,2714358.0
2011-10-12,56.3298,55.43,55.261,55.81,,2690258.0
2011-10-13,55.33,55.15,54.64,55.25,,3015857.0
2011-10-14,56.1688,55.83,55.45,55.65,,2254640.0
2011-10-17,55.810001,55.07,54.87,55.43,,2012933.0
2011-10-18,56.02,55.67,54.14,55.03,,2028810.0
2011-10-19,55.94,54.99,54.58,55.57,,3171541.0
2011-10-20,55.77,55.05,54.72,54.82,,2387800.0
2011-10-21,56.38,56.34,54.81,55.44,,2846170.0
2011-10-24,57.28,57.24,56.33,56.41,,2666126.0
2011-10-25,56.93,55.95,55.87,56.71,,2602055.0
2011-10-26,56.3,55.63,54.86,56.2599,,3569948.0
2011-10-27,57.25,56.79,55.51,57.09,,2856965.0
2011-10-28,56.82,56.32,56.06,56.63,,2094027.0
2011-10-31,56.15,55.1,55.05,55.84,,2848093.0
2011-11-01,58.0,56.92,53.02,53.49,,6617084.0
2011-11-02,57.53,56.7,55.52,57.23,,3805056.0
2011-11-03,58.0,57.42,56.3,57.4,,4083803.0
2011-11-04,57.96,57.92,56.81,57.26,,2449065.0
2011-11-07,58.43,58.33,57.07,57.95,,2877179.0
2011-11-08,58.58,58.36,57.55,58.55,,2225267.0
2011-11-09,58.33,57.18,57.04,57.27,,2996875.0
2011-11-10,57.797,56.63,56.27,57.75,,2799038.0
2011-11-11,58.42,58.18,57.125,57.35,,2019498.0
2011-11-14,58.27,57.36,57.23,57.91,,1461532.0
2011-11-15,58.6,58.41,57.01,57.1,,2409374.0
2011-11-16,58.13,57.17,57.03,57.84,,1986814.0
2011-11-17,57.93,56.93,56.69,57.66,,2625589.0
2011-11-18,57.25,56.76,56.62,57.18,,2906357.0
2011-11-21,56.49,55.9,55.53,56.23,,1887808.0
2011-11-22,56.58,56.0,55.55,55.84,,2700548.0
2011-11-23,55.834999,55.42,55.03,55.58,,2335110.0
2011-11-25,56.22,55.72,55.2,55.2,,1536309.0
2011-11-28,57.12,56.55,56.23,56.9,,3212575.0
2011-11-29,57.96,57.74,56.63,56.75,,3044765.0
2011-11-30,59.61,59.0,58.29,58.9,,5434244.0
2011-12-01,59.42,58.6,58.38,58.78,,2450533.0
2011-12-02,59.37,59.08,58.76,59.075,,2771652.0
2011-12-05,59.68,59.13,58.95,59.36,,3416748.0
2011-12-06,59.495,59.24,58.82,59.05,,1937782.0
2011-12-07,59.5698,59.3,58.46,59.0,,1801579.0
2011-12-08,58.89,57.82,57.75,58.67,,3152021.0
2011-12-09,58.68,58.59,57.97,58.05,,2230935.0
2011-12-12,58.39,58.15,57.67,58.35,,1981424.0
2011-12-13,59.05,58.13,57.93,58.41,,2597340.0
2011-12-14,58.47,57.99,57.72,58.12,,2160572.0
2011-12-15,58.92,58.8,57.91,58.22,,3381404.0
2011-12-16,59.41,59.14,58.07,59.2,,8012732.0
2011-12-19,59.66,57.18,56.99,59.44,,4567766.0
2011-12-20,59.98,59.8,58.24,58.31,,3892579.0
2011-12-21,60.0,59.39,59.2702,59.48,,2997097.0
2011-12-22,60.3,59.99,59.49,59.49,,3128928.0
2011-12-23,60.44,60.44,59.83,60.08,,1334584.0
2011-12-27,60.82,60.7,60.1,60.25,,1393106.0
2011-12-28,60.67,60.07,59.69,60.52,,1581721.0
2011-12-29,60.72,60.59,60.16,60.18,,1475943.0
2011-12-30,60.91,60.01,59.93,60.86,,4859367.0
2012-01-03,60.64,58.81,57.98,60.45,,7842175.0
2012-01-04,59.83,59.66,58.06,58.32,,5178005.0
2012-01-05,60.48,60.35,58.53,59.5,,4773195.0
2012-01-06,60.93,60.25,59.98,60.35,,6464067.0
2012-01-09,60.59,60.42,60.01,60.59,,2552841.0
2012-01-10,61.52,61.31,60.470001,60.66,,3292699.0
2012-01-11,62.28,62.25,61.36,61.43,,2905616.0
2012-01-12,62.51,62.45,61.213,62.4,,3272861.0
2012-01-13,62.42,62.32,61.615,62.23,,2840587.0
2012-01-17,62.97,61.83,61.68,62.88,,3123522.0
2012-01-18,62.48,62.42,61.69,61.83,,2369495.0
2012-01-19,62.66,62.2,61.939999,62.57,,2265825.0
2012-01-20,62.4,61.51,61.235001,62.21,,3636523.0
2012-01-23,62.09,61.81,61.28,61.71,,2396147.0
2012-01-24,62.51,62.47,61.4,61.57,,2158537.0
2012-01-25,63.39,62.97,62.26,62.47,,2357973.0
2012-01-26,63.08,62.15,61.790001,63.01,,2855058.0
2012-01-27,63.2159,63.01,61.82,62.080002,,2792603.0
2012-01-30,62.88,62.86,62.25,62.52,,1843936.0
2012-01-31,63.63,63.51,62.8,63.0,,3064001.0
2012-02-01,63.84,63.35,63.17,63.71,,3533302.0
2012-02-02,63.67,63.23,63.0,63.46,,2506970.0
2012-02-03,63.77,63.37,63.18,63.57,,3486407.0
2012-02-06,63.36,63.13,63.02,63.08,,2617953.0
2012-02-07,63.48,63.37,62.86,63.19,,2046689.0
2012-02-08,63.85,63.85,63.0,63.4,,1759282.0
2012-02-09,64.0151,63.79,63.14,63.91,,2247770.0
2012-02-10,63.82,63.29,63.17,63.38,,2213749.0
2012-02-13,64.379997,64.01,63.46,63.52,,2553053.0
2012-02-14,64.52,64.38,63.54,63.95,,2461634.0
2012-02-15,64.55,63.55,63.2,64.45,,3502691.0
2012-02-16,63.15,62.56,61.75,62.99,,5265056.0
2012-02-17,63.0,62.5,62.5,62.85,,3133832.0
2012-02-21,63.47,62.99,62.59,62.66,,3767067.0
2012-02-22,63.52,63.26,62.73,63.11,,3223071.0
2012-02-23,63.91,63.91,62.48,63.07,,3791520.0
2012-02-24,64.39,64.16,63.73,64.02,,2774305.0
2012-02-27,63.39,63.1,62.65,62.65,,3380829.0
2012-02-28,63.37,62.27,61.77,63.37,,3949035.0
2012-02-29,62.69,62.58,62.03,62.65,,3054035.0
2012-03-01,63.11,63.04,62.46,62.61,,2804426.0
2012-03-02,63.07,62.59,62.51,63.04,,2089682.0
2012-03-05,63.07,62.89,62.37,62.46,,2016744.0
2012-03-06,62.48,62.18,61.96,62.28,,2589010.0
2012-03-07,62.42,62.18,61.9,62.12,,2139875.0
2012-03-08,63.229,62.44,62.33,62.46,,3171464.0
2012-03-09,62.57,62.22,62.0,62.43,,3630371.0
2012-03-12,62.44,62.0,61.84,62.26,,3152593.0
2012-03-13,62.2799,61.9,61.59,62.25,,5227525.0
2012-03-14,63.23,62.96,62.22,62.43,,4741102.0
2012-03-15,63.3,63.17,62.85,62.85,,2228472.0
2012-03-16,63.58,63.34,63.13,63.47,,2657089.0
2012-03-19,64.0,63.85,63.38,63.54,,1724090.0
2012-03-20,63.66,62.93,62.82,63.55,,2733637.0
2012-03-21,63.17,62.44,62.39,62.93,,3359439.0
2012-03-22,62.61,61.98,61.98,62.29,,2787154.0
2012-03-23,62.15,61.75,61.27,61.98,,3381825.0
2012-03-26,62.48,62.27,61.81,62.0,,2416382.0
2012-03-27,62.49,62.1,61.9,62.18,,2254967.0
2012-03-28,62.385,62.26,61.84,61.98,,1963236.0
2012-03-29,62.45,62.38,61.64,61.98,,1994070.0
2012-03-30,63.13,63.02,62.3,62.65,,2546905.0
2012-04-02,64.03,64.01,62.84,63.06,,2731815.0
2012-04-03,64.0,63.24,63.13,64.0,,2714702.0
2012-04-04,63.04,62.65,62.39,62.95,,2076194.0
2012-04-05,63.48,63.41,62.39,62.51,,2576972.0
2012-04-09,62.59,62.3,61.93,62.42,,1718976.0
2012-04-10,62.67,61.62,61.56,62.09,,2588448.0
2012-04-11,63.14,63.09,62.11,62.12,,2594169.0
2012-04-12,63.87,63.81,62.93,63.2,,1903718.0
2012-04-13,63.56,63.16,63.02,63.24,,1855173.0
2012-04-16,64.06,63.72,63.41,63.57,,2945185.0
2012-04-17,64.45,64.36,63.36,63.98,,2404105.0
2012-04-18,64.42,64.1,64.05,64.37,,2142735.0
2012-04-19,64.4,63.85,63.39,64.2,,1678891.0
2012-04-20,64.51,64.0,63.95,63.95,,2118129.0
2012-04-23,63.68,63.13,62.74,63.54,,2021324.0
2012-04-24,63.86,63.53,62.98,63.3,,1683822.0
2012-04-25,64.75,64.74,64.06,64.06,,2181345.0
2012-04-26,64.92,64.86,64.3,64.71,,2071845.0
2012-04-27,65.175,65.1,64.55,65.0,,1731062.0
2012-04-30,65.59,65.58,64.9,65.16,,1826445.0
2012-05-01,66.12,65.43,65.305,65.64,,2529619.0
2012-05-02,65.98,65.92,64.92,65.14,,2429300.0
2012-05-03,68.52,67.05,66.37,67.0,,5188016.0
2012-05-04,67.589996,66.44,66.0,66.79,,2692805.0
2012-05-07,67.35,67.25,65.9,66.43,13046.0,2052787.0
2012-05-08,67.8,67.75,66.72,67.07,19725.0,3172193.0
2012-05-09,67.68,67.0,66.82,67.35,18805.0,3271479.0
2012-05-10,67.839,67.54,66.97,67.5,15276.0,2406113.0
2012-05-11,68.21,67.62,67.04,67.11,12664.0,2036574.0
2012-05-14,67.99,67.2,66.86,67.28,14062.0,2270129.0
2012-05-15,68.09,67.77,67.07,67.1,17063.0,2603185.0
2012-05-16,67.95,66.82,66.78,67.9,21358.0,3087845.0
2012-05-17,66.9699,64.8,64.78,66.95,24653.0,3656473.0
2012-05-18,65.36,64.42,64.25,64.96,14751.0,2607397.0
2012-05-21,65.62,65.51,64.3,64.83,12944.0,2066821.0
2012-05-22,65.96,65.07,64.78,65.48,21234.0,3516764.0
2012-05-23,65.31,65.18,64.18,64.7,15789.0,2382496.0
2012-05-24,66.36,65.85,65.34,65.43,15352.0,2368130.0
2012-05-25,66.1,65.75,65.45,65.88,10241.0,1570712.0
2012-05-29,66.62,66.31,65.76,66.14,12703.0,2033737.0
2012-05-30,66.14,65.19,65.19,65.92,13931.0,2195171.0
2012-05-31,65.4,64.88,64.15,65.24,20382.0,3409267.0
2012-06-01,64.17,63.15,63.1102,63.62,16108.0,2550001.0
2012-06-04,63.37,63.09,62.54,63.25,15132.0,2215564.0
2012-06-05,64.28,64.09,62.97,62.97,14479.0,2247829.0
2012-06-06,65.79,65.79,64.34,64.52,16192.0,2515247.0
2012-06-07,66.57,65.34,65.25,66.29,12177.0,1827767.0
2012-06-08,66.34,66.3,64.832,65.02,14234.0,2424487.0
2012-06-11,67.0,65.64,65.57,66.83,12864.0,1980027.0
2012-06-12,66.502,66.39,65.24,65.5,12768.0,1908643.0
2012-06-13,66.85,66.22,65.68,66.07,14321.0,2011796.0
2012-06-14,67.4,67.2,65.8,66.15,14569.0,2115333.0
2012-06-15,67.84,67.76,66.89,67.21,13868.0,2871396.0
2012-06-18,68.81,68.62,67.54,67.78,15016.0,2164413.0
2012-06-19,69.69,68.99,68.71,68.78,16934.0,2461258.0
2012-06-20,69.04,68.47,67.95,68.99,16511.0,2409995.0
2012-06-21,68.959,67.13,67.07,68.82,14802.0,2482116.0
2012-06-22,68.0,67.86,67.08,67.48,12307.0,1968870.0
2012-06-25,67.77,67.36,66.99,67.14,11064.0,1635205.0
2012-06-26,68.76,68.55,67.32,68.62,16035.0,2815547.0
2012-06-27,69.78,69.63,68.45,68.93,17137.0,2571590.0
2012-06-28,69.77,69.68,68.31,69.12,12471.0,1947135.0
2012-06-29,70.65,69.91,69.49,70.19,18026.0,2903255.0
2012-07-02,71.6,71.5,70.11,70.13,14791.0,2208778.0
2012-07-03,71.87,71.43,71.2,71.63,7453.0,1066104.0
2012-07-05,71.43,71.22,70.74,71.32,10768.0,1596478.0
2012-07-06,71.01,70.79,70.36,70.43,10703.0,1858345.0
2012-07-09,71.94,71.82,70.68,71.1,12693.0,2335612.0
2012-07-10,72.1834,69.9,69.7,71.93,23902.0,3898863.0
2012-07-11,70.39,70.2,69.04,69.9,20174.0,3277365.0
2012-07-12,71.42,71.09,69.4725,69.93,22071.0,3436606.0
2012-07-13,72.15,72.15,71.01,71.06,16576.0,2675700.0
2012-07-16,72.42,72.28,71.88,72.15,13450.0,2232229.0
2012-07-17,73.04,73.03,72.19,72.65,13992.0,2019541.0
2012-07-18,72.36,70.1,69.46,72.3,38176.0,6416712.0
2012-07-19,70.75,70.52,69.68,70.01,17809.0,2912128.0
2012-07-20,71.1,70.92,70.2,70.3,14956.0,2669044.0
2012-07-23,70.53,69.94,69.71,70.34,13164.0,2188918.0
2012-07-24,69.56,69.14,68.651,69.44,17738.0,2849455.0
2012-07-25,69.76,69.26,68.81,69.48,16384.0,2504382.0
2012-07-26,71.48,71.03,70.15,70.15,19849.0,3141781.0
2012-07-27,72.55,72.33,71.36,71.36,17713.0,2620988.0
2012-07-30,72.93,72.11,71.995,72.37,12545.0,1915077.0
2012-07-31,72.81,72.31,71.88,72.1,19070.0,3953744.0
2012-08-01,75.62,71.56,70.0,70.86,77691.0,9242759.0
2012-08-02,72.21,72.19,71.05,71.44,16359.0,2667111.0
2012-08-03,73.41,73.07,72.66,72.76,16330.0,2612977.0
2012-08-06,73.36,72.5,72.46,73.36,10632.0,1568484.0
2012-08-07,71.99,70.52,70.25,71.64,25086.0,4340539.0
2012-08-08,70.79,70.04,69.96,70.62,17553.0,2784108.0
2012-08-09,70.44,70.28,69.84,70.07,12158.0,2312455.0
2012-08-10,70.64,70.51,69.91,70.3,9059.0,1589539.0
2012-08-13,71.55,71.21,70.4134,70.45,14170.0,2304478.0
2012-08-14,71.56,71.38,71.031,71.26,9792.0,1503330.0
2012-08-15,71.95,71.2,71.12,71.4,8904.0,1353424.0
2012-08-16,71.19,71.05,70.47,71.09,11755.0,1827826.0
2012-08-17,71.36,71.22,70.795,71.36,8576.0,1883616.0
2012-08-20,71.31,71.31,70.39,71.21,9489.0,1499870.0
2012-08-21,71.72,70.17,70.03,71.44,15730.0,2397400.0
2012-08-22,70.44,69.87,69.7801,70.04,12264.0,1976788.0
2012-08-23,69.78,69.21,69.19,69.76,12771.0,2048370.0
2012-08-24,69.72,69.44,68.87,69.0,15579.0,3588461.0
2012-08-27,69.66,69.5,69.04,69.5,13760.0,2470756.0
2012-08-28,69.96,69.49,69.1,69.24,10920.0,1881034.0
2012-08-29,70.02,69.75,69.31,69.33,8056.0,1222159.0
2012-08-30,70.2,70.12,69.32,69.37,9560.0,1386378.0
2012-08-31,70.52,70.4,69.52,70.27,11574.0,1958668.0
2012-09-04,70.92,70.78,69.84,70.48,10041.0,1517125.0
2012-09-05,71.02,70.94,70.3,70.91,12051.0,1717625.0
2012-09-06,71.78,71.64,71.064,71.17,12764.0,2100621.0
2012-09-07,72.32,71.92,71.59,71.9,13276.0,2022051.0
2012-09-10,72.11,71.4,71.29,71.91,12999.0,1832454.0
2012-09-11,71.89,71.74,71.32,71.36,8382.0,1282892.0
2012-09-12,72.07,71.95,71.44,72.03,8917.0,1358646.0
2012-09-13,73.2,72.79,71.91,71.91,14015.0,2357252.0
2012-09-14,73.1,71.36,71.07,72.91,20310.0,3215295.0
2012-09-17,71.64,71.19,71.04,71.19,13227.0,1972480.0
2012-09-18,71.46,71.11,71.01,71.35,10370.0,1843734.0
2012-09-19,71.28,70.66,70.63,71.11,16097.0,2897977.0
2012-09-20,70.92,70.79,70.19,70.42,15228.0,2675440.0
2012-09-21,71.33,70.41,70.4,71.07,18835.0,3796788.0
2012-09-24,70.98,70.9,70.0,70.3,11912.0,1882180.0
2012-09-25,71.58,70.09,70.06,70.96,16448.0,3240719.0
2012-09-26,71.66,70.72,70.03,70.1,14901.0,2232647.0
2012-09-27,71.38,71.06,70.51,70.67,11064.0,1638659.0
2012-09-28,71.5501,71.39,70.76,70.83,14352.0,2604508.0
2012-10-01,72.45,71.07,70.71,71.61,14525.0,2235961.0
2012-10-02,71.66,71.66,70.45,71.09,15422.0,2860236.0
2012-10-03,72.99,72.66,71.54,71.89,14172.0,2140537.0
2012-10-04,72.99,71.92,71.84,72.78,14570.0,2667596.0
2012-10-05,72.98,72.82,72.13,72.38,12939.0,2135705.0
2012-10-08,72.77,72.51,71.98,72.71,8051.0,1357756.0
2012-10-09,72.82,71.64,71.57,72.49,10463.0,1555112.0
2012-10-10,72.64,72.55,71.5609,71.72,12008.0,1841910.0
2012-10-11,72.74,71.67,71.43,72.6,15780.0,2701146.0
2012-10-12,72.305,72.17,71.64,71.8,10394.0,1576398.0
2012-10-15,75.68,75.35,72.06,72.28,32314.0,5277835.0
2012-10-16,76.22,74.76,74.71,75.59,14874.0,2319122.0
2012-10-17,75.04,74.79,74.12,74.12,15964.0,2845100.0
2012-10-18,75.55,75.49,74.53,74.75,11686.0,1753440.0
2012-10-19,75.49,73.84,73.82,75.41,13544.0,2531662.0
2012-10-22,73.82,73.56,72.52,73.44,11810.0,1910192.0
2012-10-23,73.78,73.43,72.45,72.99,12427.0,1993739.0
2012-10-24,73.75,73.5,73.16,73.56,8965.0,1454221.0
2012-10-25,73.97,73.32,72.29,73.87,11552.0,1996455.0
2012-10-26,73.74,73.37,72.66,73.45,10136.0,1552125.0
2012-10-31,75.41,75.29,72.14,72.89,18405.0,2992800.0
2012-11-01,75.54,74.58,73.23,75.17,15395.0,2418186.0
2012-11-02,75.55,74.47,74.34,75.04,17412.0,2650443.0
2012-11-05,74.4,73.99,73.23,73.77,11827.0,2295828.0
2012-11-06,74.5,73.77,73.38,74.02,13316.0,2115091.0
2012-11-07,76.04,75.24,74.03,74.04,31026.0,5049077.0
2012-11-08,75.58,74.48,74.45,75.33,15101.0,2403951.0
2012-11-09,75.14,74.84,74.15,74.15,13458.0,1956654.0
2012-11-12,75.24,74.74,73.76,75.13,13182.0,1933873.0
2012-11-13,75.46,74.23,74.21,74.48,9041.0,1319508.0
2012-11-14,74.63,73.44,73.22,74.39,12122.0,1778220.0
2012-11-15,73.79,72.35,71.76,73.39,13763.0,1978068.0
2012-11-16,74.04,73.86,72.35,72.43,17749.0,3547454.0
2012-11-19,74.7,73.71,73.51,74.61,13581.0,2262704.0
2012-11-20,74.27,73.75,73.07,73.76,12636.0,1882208.0
2012-11-21,74.16,74.12,73.59,73.77,10079.0,1517836.0
2012-11-23,75.0,74.98,74.015,74.28,4441.0,726991.0
2012-11-26,74.89,74.35,73.96,74.59,9034.0,1406908.0
2012-11-27,74.82,74.2,73.62,74.15,12350.0,1831446.0
2012-11-28,74.25,74.21,73.37,74.02,10244.0,1627578.0
2012-11-29,75.03,74.9,74.19,74.49,8937.0,1349981.0
2012-11-30,75.48,74.93,74.8,74.92,11322.0,2179289.0
2012-12-03,75.45,74.88,74.58,75.0,9277.0,1509734.0
2012-12-04,75.545,74.83,74.55,75.0,10173.0,1485820.0
2012-12-05,74.99,74.61,73.52,74.96,13857.0,1959196.0
2012-12-06,75.01,74.98,74.3513,74.65,10081.0,1613880.0
2012-12-07,75.56,75.45,74.85,75.01,9821.0,1510783.0
2012-12-10,75.6,75.12,75.04,75.58,10316.0,1694450.0
2012-12-11,75.95,75.21,75.07,75.39,10928.0,1844749.0
2012-12-12,76.48,76.19,75.14,75.36,15136.0,2310143.0
2012-12-13,77.0,76.09,75.76,75.98,14796.0,2411222.0
2012-12-14,76.71,76.67,75.87,75.87,14016.0,2617485.0
2012-12-17,76.96,76.9,76.2,76.95,16430.0,2539302.0
2012-12-18,77.16,76.8,76.24,77.13,15279.0,2569925.0
2012-12-19,77.0,76.13,76.12,76.96,14367.0,2334470.0
2012-12-20,77.26,77.26,75.92,76.19,12613.0,2085721.0
2012-12-21,77.03,76.77,76.31,76.87,12003.0,2732599.0
2012-12-24,77.19,77.0,76.56,76.77,4327.0,779896.0
2012-12-26,77.04,76.29,76.1,76.98,7612.0,1206473.0
2012-12-27,76.84,76.29,75.36,76.32,11489.0,1612730.0
2012-12-28,76.7,75.89,75.86,75.86,8526.0,1243880.0
2012-12-31,77.27,77.27,75.8,75.89,10559.0,1713067.0
2013-01-02,79.05,79.05,78.24,78.39,18782.0,3119573.0
2013-01-03,78.47,77.12,76.8,78.37,26949.0,4444922.0
2013-01-04,77.41,77.05,76.61,77.28,13045.0,2231721.0
2013-01-07,77.19,76.96,76.71,76.71,9723.0,1764491.0
2013-01-08,77.45,77.27,76.84,76.98,11999.0,2200461.0
2013-01-09,77.95,77.73,77.37,77.53,9775.0,1528991.0
2013-01-10,78.87,78.67,77.91,78.16,16409.0,2949734.0
2013-01-11,79.05,78.78,78.535,78.8,12166.0,1798725.0
2013-01-14,79.04,78.7,78.39,78.9,7291.0,1094242.0
2013-01-15,79.33,79.32,78.25,78.65,11753.0,2038662.0
2013-01-16,79.31,78.7,78.54,79.25,11664.0,1767500.0
2013-01-17,79.12,78.87,78.59,78.75,10335.0,1927192.0
2013-01-18,79.38,79.35,78.74,78.93,9198.0,1835056.0
2013-01-22,79.4899,79.25,78.97,79.47,10692.0,1730525.0
2013-01-23,79.39,78.97,78.81,78.99,9396.0,1698899.0
2013-01-24,79.98,79.63,79.0,79.0,15135.0,2309983.0
2013-01-25,79.9199,79.9,79.2,79.7,10594.0,1713118.0
2013-01-28,79.73,78.88,78.75,79.73,12280.0,1961088.0
2013-01-29,79.07,78.62,78.5,78.9,11414.0,1857162.0
2013-01-30,79.14,76.95,76.88,79.14,23465.0,3551946.0
2013-01-31,77.15,76.15,75.37,77.07,22795.0,4192351.0
2013-02-01,77.11,76.65,76.4,76.61,16390.0,3042966.0
2013-02-04,76.78,76.46,76.15,76.26,15611.0,2717374.0
2013-02-05,76.98,76.73,76.54,76.79,12553.0,2993272.0
2013-02-06,76.57,75.95,75.68,76.4,12789.0,2096061.0
2013-02-07,76.47,75.89,75.66,76.12,16579.0,3342727.0
2013-02-08,77.08,77.06,75.55,75.76,11997.0,1941208.0
2013-02-11,76.88,76.38,76.25,76.81,7080.0,1257177.0
2013-02-12,76.57,75.59,75.45,76.37,12140.0,2150649.0
2013-02-13,75.7,74.0,73.59,75.64,27048.0,4744022.0
2013-02-14,73.92,73.48,72.56,73.67,20585.0,4252525.0
2013-02-15,75.26,75.18,73.56,73.67,20989.0,3591375.0
2013-02-19,75.5,74.62,73.98,75.37,14657.0,2622316.0
2013-02-20,74.74,73.95,73.92,74.53,12245.0,2180067.0
2013-02-21,74.12,73.78,73.56,73.74,13066.0,2294790.0
2013-02-22,74.99,74.52,74.15,74.2,13845.0,2464479.0
2013-02-25,75.69,73.66,73.66,74.81,22381.0,3727591.0
2013-02-26,75.78,75.51,73.8301,73.9,20869.0,4046149.0
2013-02-27,78.09,77.4,75.265,75.51,26826.0,4956898.0
2013-02-28,78.31,77.6,77.12,77.24,16760.0,3004683.0
2013-03-01,78.19,78.13,77.27,77.54,15096.0,2246594.0
2013-03-04,78.9,78.86,77.8,77.99,9820.0,1470847.0
2013-03-05,79.35,78.65,78.32,79.32,10970.0,1715033.0
2013-03-06,78.99,77.5,77.36,78.79,13985.0,2074018.0
2013-03-07,77.88,77.56,77.17,77.33,10723.0,1817627.0
2013-03-08,78.07,77.14,76.825,77.9,11367.0,2024476.0
2013-03-11,77.47,76.9,76.59,77.13,10287.0,1712503.0
2013-03-12,77.11,76.03,75.79,76.84,12762.0,2455811.0
2013-03-13,76.34,76.12,75.76,75.98,12668.0,2723082.0
2013-03-14,76.84,76.41,76.21,76.25,10686.0,1643718.0
2013-03-15,76.13,75.56,75.26,76.05,13111.0,2912670.0
2013-03-18,75.5,75.05,74.89,75.07,13010.0,2249701.0
2013-03-19,75.32,74.53,73.91,75.23,14966.0,2729162.0
2013-03-20,75.37,75.32,74.5515,74.64,11739.0,1772519.0
2013-03-21,77.02,76.29,75.2,75.21,22042.0,3337173.0
2013-03-22,77.07,76.73,76.29,76.51,11478.0,1799778.0
2013-03-25,77.08,76.26,76.08,76.89,11546.0,1847781.0
2013-03-26,76.96,75.89,75.81,76.62,13511.0,2460207.0
2013-03-27,77.135,76.86,75.47,75.47,10229.0,1741371.0
2013-03-28,77.21,76.92,76.2832,76.91,11840.0,2010005.0
2013-04-01,77.75,77.75,76.6,76.97,11304.0,1723485.0
2013-04-02,78.8699,78.73,77.68,77.88,12638.0,2103893.0
2013-04-03,78.76,78.02,77.49,78.68,14677.0,2315594.0
2013-04-04,78.87,78.58,78.16,78.16,10549.0,1989111.0
2013-04-05,78.13,77.82,77.25,77.77,11157.0,2206275.0
2013-04-08,79.0,79.0,77.68,77.77,9369.0,1628822.0
2013-04-09,79.44,79.29,78.43,79.08,13479.0,2319212.0
2013-04-10,79.98,79.87,79.39,79.48,12877.0,1855706.0
2013-04-11,80.73,80.32,79.82,79.91,9142.0,1396480.0
2013-04-12,80.68,80.67,79.87,80.24,10247.0,1617210.0
2013-04-15,80.9299,79.43,79.43,80.63,12864.0,1919623.0
2013-04-16,80.62,80.59,79.11,79.81,10869.0,1598754.0
2013-04-17,80.2,79.78,79.5101,79.98,11179.0,1716748.0
2013-04-18,80.1,80.06,79.08,79.93,13630.0,2235191.0
2013-04-19,81.41,81.05,80.1201,80.34,12211.0,1877355.0
2013-04-22,81.58,81.02,80.57,81.39,8478.0,1504679.0
2013-04-23,82.429,81.9,80.791,81.25,11186.0,1591585.0
2013-04-24,82.06,81.0,80.85,82.0,10304.0,1880552.0
2013-04-25,84.29,83.84,81.14,81.36,20829.0,3041108.0
2013-04-26,83.99,82.97,82.55,83.8,10333.0,1527809.0
2013-04-29,83.15,83.04,82.47,83.04,8319.0,1266867.0
2013-04-30,84.02,83.99,82.83,83.42,10864.0,2182903.0
2013-05-01,84.21,83.93,78.54,78.54,16912.0,2367935.0
2013-05-02,84.98,83.85,83.25,84.25,10413.0,1660022.0
2013-05-03,84.67,83.56,83.23,84.57,10895.0,1670572.0
2013-05-06,83.88,83.08,82.76,83.59,8968.0,1446005.0
2013-05-07,83.71,83.55,83.15,83.4,11527.0,1550064.0
2013-05-08,85.15,84.63,83.25,83.5,14745.0,2353456.0
2013-05-09,84.77,83.56,83.33,84.7,11470.0,1692750.0
2013-05-10,84.74,83.1,82.9,83.88,11997.0,2017795.0
2013-05-13,83.88,82.96,82.92,83.15,12404.0,1884237.0
2013-05-14,83.98,83.73,83.08,83.08,13962.0,2200788.0
2013-05-15,84.39,84.33,83.42,83.62,8183.0,1294925.0
2013-05-16,84.42,83.21,83.08,84.04,9598.0,1416375.0
2013-05-17,84.48,84.45,83.13,83.13,10350.0,1826107.0
2013-05-20,84.71,83.92,83.72,84.46,11088.0,1686646.0
2013-05-21,85.26,84.64,84.11,84.37,11126.0,1656992.0
2013-05-22,84.98,82.17,81.67,84.63,15761.0,2275410.0
2013-05-23,81.9,81.58,80.48,81.71,17498.0,2722466.0
2013-05-24,81.85,81.72,80.89,81.16,8878.0,1487762.0
2013-05-28,83.08,81.5,81.16,82.57,13705.0,2175541.0
2013-05-29,80.94,79.44,78.9,80.92,19559.0,3547771.0
2013-05-30,80.15,78.77,78.67,79.48,18482.0,2850116.0
2013-05-31,79.43,77.84,77.84,78.75,18692.0,3327360.0
2013-06-03,78.59,77.42,77.2,77.83,22403.0,3734307.0
2013-06-04,77.97,76.63,76.57,77.31,19864.0,3311351.0
2013-06-05,77.3,75.87,75.77,76.64,22572.0,3769634.0
2013-06-06,78.52,78.48,75.79,75.85,21169.0,3230370.0
2013-06-07,79.05,78.77,77.27,78.79,24253.0,3873893.0
2013-06-10,78.86,76.45,76.4,78.79,23902.0,3986232.0
2013-06-11,76.41,75.82,75.21,75.98,20893.0,3498897.0
2013-06-12,76.35,74.6,74.43,76.2,22789.0,3773051.0
2013-06-13,76.625,76.48,74.33,74.43,21562.0,3549201.0
2013-06-14,78.3452,77.33,76.19,76.19,23026.0,3522397.0
2013-06-17,77.88,76.92,76.42,77.72,19902.0,2870864.0
2013-06-18,78.14,77.29,77.025,77.11,15083.0,2258896.0
2013-06-19,77.47,74.44,74.41,77.32,26421.0,3936492.0
2013-06-20,73.77,70.44,70.24,73.77,42794.0,7500732.0
2013-06-21,72.665,71.99,70.63,70.92,34691.0,6099693.0
2013-06-24,72.28,71.09,69.54,71.24,28699.0,4436726.0
2013-06-25,73.32,72.9,71.31,71.46,24541.0,4109372.0
2013-06-26,74.08,73.83,73.43,73.49,21721.0,3401259.0
2013-06-27,75.55,74.23,73.91,74.08,23021.0,3647347.0
2013-06-28,74.22,73.17,72.91,74.2,27370.0,5955552.0
2013-07-01,73.96,72.01,71.83,73.43,31570.0,5241740.0
2013-07-02,72.806,72.17,71.76,71.76,23026.0,3486820.0
2013-07-03,72.51,72.38,70.92,71.89,17661.0,3458496.0
2013-07-05,72.77,71.67,70.02,72.77,25311.0,4240370.0
2013-07-08,72.66,72.05,71.67,72.0,20532.0,3486189.0
2013-07-09,72.91,72.86,72.08,72.72,18678.0,3772577.0
2013-07-10,75.86,75.74,72.57,72.61,37896.0,6939987.0
2013-07-11,78.33,77.23,76.61,76.94,35246.0,5572336.0
2013-07-12,78.315,77.84,76.91,77.83,18501.0,2875204.0
2013-07-15,77.72,76.16,75.4,76.45,30451.0,5077123.0
2013-07-16,76.44,74.71,74.345,75.95,33540.0,5978963.0
2013-07-17,74.7,73.87,71.5,73.02,122393.0,26266196.0
2013-07-18,75.32,74.44,74.07,74.5,34499.0,6359024.0
2013-07-19,75.16,75.13,74.34,74.55,21934.0,4092261.0
2013-07-22,75.26,74.32,73.6,75.15,22179.0,3882699.0
2013-07-23,75.01,74.75,74.1,74.63,18586.0,3198114.0
2013-07-24,74.7999,73.94,73.59,74.78,20703.0,3459888.0
2013-07-25,73.51,72.31,72.085,73.34,24175.0,4467064.0
2013-07-26,72.65,72.58,72.03,72.2,17291.0,2580108.0
2013-07-29,73.04,72.42,72.23,72.57,15883.0,2659153.0
2013-07-30,73.45,72.67,72.47,72.82,15378.0,2934903.0
2013-07-31,73.16,70.79,69.74,72.79,42103.0,7677362.0
2013-08-01,72.51,71.28,71.01,71.4,26376.0,4097916.0
2013-08-02,72.19,70.5,70.49,71.21,23001.0,3670620.0
2013-08-05,71.0,70.94,70.22,70.22,16957.0,2671658.0
2013-08-06,71.28,70.27,70.06,70.72,22780.0,3766433.0
2013-08-07,70.468,69.09,69.0,70.3,23042.0,3922802.0
2013-08-08,69.4,68.99,68.035,69.01,25830.0,4713229.0
2013-08-09,70.51,70.16,68.77,68.77,28526.0,4988140.0
2013-08-12,70.18,69.66,69.35,70.1,22946.0,3507064.0
2013-08-13,70.19,69.28,68.97,70.1,20869.0,3529676.0
2013-08-14,69.93,69.7,69.03,69.44,18712.0,3299623.0
2013-08-15,69.595,69.48,68.56,68.89,19379.0,3105484.0
2013-08-16,69.58,68.58,68.55,69.16,15374.0,2716290.0
2013-08-19,69.39,68.36,68.34,68.57,16040.0,2362689.0
2013-08-20,69.99,69.38,68.39,68.4,16316.0,2481511.0
2013-08-21,69.78,69.03,68.81,69.19,13363.0,2083428.0
2013-08-22,69.01,68.88,67.89,68.71,12267.0,2141153.0
2013-08-23,70.1,70.06,68.81,69.04,15441.0,2527596.0
2013-08-26,70.49,69.94,69.7,70.02,15982.0,2323633.0
2013-08-27,70.24,70.06,69.04,69.2,22079.0,3525882.0
2013-08-28,70.325,69.09,69.08,69.95,20473.0,3179606.0
2013-08-29,69.93,69.69,68.84,69.05,12329.0,1964020.0
2013-08-30,69.94,69.49,69.32,69.76,14261.0,2464633.0
2013-09-03,70.3,69.23,68.79,69.82,15798.0,2446761.0
2013-09-04,69.49,69.24,68.92,69.23,15451.0,3288145.0
2013-09-05,69.69,68.75,68.69,69.29,14319.0,2642348.0
2013-09-06,72.44,71.91,70.71,71.05,36415.0,6812340.0
2013-09-09,74.27,74.26,72.16,72.16,24537.0,4212093.0
2013-09-10,74.95,74.58,74.09,74.69,21533.0,3734142.0
2013-09-11,75.02,75.02,74.27,74.69,15800.0,2613567.0
2013-09-12,75.15,74.12,73.72,75.15,15336.0,2538315.0
2013-09-13,74.27,73.71,73.35,74.25,10836.0,1919683.0
2013-09-16,75.74,74.27,74.22,75.16,17065.0,2717632.0
2013-09-17,74.68,73.92,73.68,74.13,19034.0,2939235.0
2013-09-18,75.99,75.75,72.76,74.0,28513.0,4725485.0
2013-09-19,75.82,74.82,74.78,75.77,15359.0,2338824.0
2013-09-20,75.02,73.92,73.64,74.93,13040.0,3417890.0
2013-09-23,74.42,72.96,72.935,73.65,15533.0,2306793.0
2013-09-24,73.415,72.85,72.37,73.04,16746.0,2635361.0
2013-09-25,73.83,73.77,72.51,72.62,14921.0,2270545.0
2013-09-26,74.63,74.63,73.83,73.9,12688.0,1875113.0
2013-09-27,74.9,74.52,74.2252,74.54,14082.0,2552160.0
2013-09-30,74.56,74.13,73.61,73.85,15531.0,2720050.0
2013-10-01,74.45,74.06,73.81,74.13,13813.0,2219374.0
2013-10-02,74.28,73.99,73.51,73.85,11321.0,1766302.0
2013-10-03,73.97,73.43,73.1901,73.85,17066.0,2712858.0
2013-10-04,73.74,72.69,72.36,73.28,13487.0,2649447.0
2013-10-07,73.55,73.03,72.31,72.39,12516.0,1845130.0
2013-10-08,73.12,71.89,71.83,72.75,12988.0,1944185.0
2013-10-09,72.38,71.62,71.55,72.08,14711.0,2209034.0
2013-10-10,73.64,73.59,72.05,72.11,17683.0,2665795.0
2013-10-11,74.73,74.44,73.6,73.62,13898.0,2131360.0
2013-10-14,74.74,74.64,73.82,74.01,10853.0,1794244.0
2013-10-15,75.17,74.73,74.27,74.29,13721.0,2141280.0
2013-10-16,77.25,77.12,75.02,75.26,21175.0,4014827.0
2013-10-17,79.48,79.34,76.78,76.95,23279.0,3561075.0
2013-10-18,79.95,79.01,78.74,79.7,15885.0,2777992.0
2013-10-21,79.755,79.51,78.26,78.7,20256.0,3199400.0
2013-10-22,80.97,80.13,79.325,79.6,22673.0,3649688.0
2013-10-23,79.64,79.0,78.34,79.56,14906.0,2242410.0
2013-10-24,80.56,80.38,79.16,79.39,13386.0,2188746.0
2013-10-25,80.8684,80.82,79.71,80.3,13057.0,2251882.0
2013-10-28,80.96,80.3,79.9,80.94,13254.0,2544287.0
2013-10-29,80.52,80.29,79.67,80.26,11507.0,1917677.0
2013-10-30,81.36,80.69,78.75,79.05,21346.0,3562917.0
2013-10-31,80.96,79.35,79.125,80.25,22699.0,3676764.0
2013-11-01,80.43,79.37,78.61,79.45,16268.0,2759353.0
2013-11-04,79.71,79.0,78.665,79.42,12560.0,1868354.0
2013-11-05,79.8,78.6,78.31,78.9,20171.0,3250235.0
2013-11-06,79.81,79.53,78.78,78.95,12491.0,2113760.0
2013-11-07,80.0499,78.77,78.64,79.57,16930.0,2877968.0
2013-11-08,78.77,77.79,76.44,78.47,24370.0,3746218.0
2013-11-11,79.01,77.45,77.415,79.01,15285.0,2277040.0
2013-11-12,78.41,77.96,77.19,77.72,15662.0,2408837.0
2013-11-13,78.3,78.17,77.41,77.57,14214.0,2000920.0
2013-11-14,79.42,79.1,78.0,78.64,13232.0,2065370.0
2013-11-15,79.49,79.28,78.79,78.88,10664.0,1852051.0
2013-11-18,79.39,78.57,78.45,79.18,8450.0,1236492.0
2013-11-19,79.055,78.1,77.93,78.57,14778.0,2041516.0
2013-11-20,79.56,78.13,77.44,78.48,13520.0,2196800.0
2013-11-21,78.36,77.59,77.43,78.19,13798.0,2058196.0
2013-11-22,77.8,77.28,76.22,77.65,11932.0,2078157.0
2013-11-25,77.39,77.0,76.63,77.34,10692.0,2077110.0
2013-11-26,78.487,78.03,76.93,76.95,14832.0,3368735.0
2013-11-27,78.5,78.37,77.39,77.9,10045.0,1443950.0
2013-11-29,78.88,77.77,77.61,78.36,4544.0,834812.0
2013-12-02,78.63,78.21,77.3,77.63,13510.0,2036382.0
2013-12-03,78.12,77.71,77.55,77.83,13510.0,2039318.0
2013-12-04,78.41,77.43,77.14,77.33,12554.0,2197178.0
2013-12-05,78.16,77.75,76.72,77.37,10996.0,2018877.0
2013-12-06,78.49,78.08,77.47,78.31,9348.0,1465313.0
2013-12-09,78.9,78.84,77.69,78.17,13199.0,2165286.0
2013-12-10,79.48,79.21,78.39,78.71,13883.0,1794247.0
2013-12-11,79.2,77.81,77.55,79.09,19180.0,2760500.0
2013-12-12,77.45,76.69,76.6,77.25,17597.0,2299669.0
2013-12-13,77.74,76.76,76.495,77.0,18510.0,2253270.0
2013-12-16,76.98,76.09,75.65,76.86,24065.0,3439570.0
2013-12-17,76.82,76.39,75.88,76.17,17319.0,2656903.0
2013-12-18,78.37,78.22,75.91,77.22,25810.0,3121929.0
2013-12-19,78.6,78.11,77.47,78.08,20713.0,2554531.0
2013-12-20,78.76,77.95,77.76,78.27,17654.0,3072874.0
2013-12-23,79.3,78.42,78.25,79.02,14034.0,1785913.0
2013-12-24,78.79,78.71,78.22,78.34,4818.0,559717.0
2013-12-26,79.07,78.84,78.42,78.88,9019.0,951271.0
2013-12-27,79.11,78.82,78.34,79.11,10299.0,1444915.0
2013-12-30,79.88,79.8,78.935,78.95,10041.0,1201009.0
2013-12-31,80.13,79.82,79.3,79.94,10219.0,1438487.0
2014-01-02,79.74,79.45,78.85,79.51,14948.0,1701345.0
2014-01-03,80.04,79.68,79.32,79.33,14270.0,1790116.0
2014-01-06,80.28,80.19,79.39,79.86,15087.0,2427234.0
2014-01-07,81.39,81.3,80.04,80.07,19490.0,2570510.0
2014-01-08,82.28,81.94,80.93,81.36,18266.0,2469344.0
2014-01-09,82.31,82.1,81.63,82.27,16528.0,2084228.0
2014-01-10,82.87,82.64,82.22,82.38,16087.0,2093876.0
2014-01-13,82.75,82.14,81.961,82.33,14303.0,1879968.0
2014-01-14,82.77,82.66,82.18,82.52,15859.0,1957152.0
2014-01-15,83.64,83.26,82.65,82.7,13613.0,1773832.0
2014-01-16,83.63,83.27,82.65,83.29,10717.0,1301842.0
2014-01-17,83.68,83.15,82.88,83.53,12470.0,2636751.0
2014-01-21,83.94,83.63,82.98,83.47,13094.0,1583665.0
2014-01-22,84.65,83.42,83.42,83.69,15245.0,2139783.0
2014-01-23,84.14,83.28,82.61,83.17,24851.0,3796642.0
2014-01-24,82.98,79.62,78.77,82.45,50725.0,7213513.0
2014-01-27,80.56,79.25,78.6,79.76,21674.0,2614610.0
2014-01-28,80.67,80.56,79.18,79.25,17021.0,2188668.0
2014-01-29,80.13,79.56,79.14,80.01,20671.0,2990555.0
2014-01-30,81.8,81.18,80.03,80.03,17934.0,2179382.0
2014-01-31,81.43,80.88,80.02,80.49,18650.0,2398264.0
2014-02-03,81.006,78.83,78.67,80.74,23944.0,3040200.0
2014-02-04,79.49,79.14,78.38,79.16,17541.0,2203015.0
2014-02-05,79.625,79.01,78.8,78.95,12102.0,1455445.0
2014-02-06,79.79,79.76,78.83,79.22,14582.0,1930970.0
2014-02-07,80.7,80.38,79.39,80.1,18741.0,2229655.0
2014-02-10,81.59,81.52,80.4,80.48,15879.0,2134317.0
2014-02-11,82.0,81.92,80.98,81.55,12124.0,1371934.0
2014-02-12,81.93,81.79,81.03,81.82,9651.0,1109686.0
2014-02-13,82.91,82.49,81.1604,81.31,11943.0,1485091.0
2014-02-14,83.35,83.2,82.52,82.57,9073.0,1099613.0
2014-02-18,83.56,83.53,82.62,83.3,14514.0,1670116.0
2014-02-19,84.35,83.75,83.32,83.32,14125.0,1827422.0
2014-02-20,84.58,84.51,83.12,83.63,13904.0,1829348.0
2014-02-21,84.9,84.05,83.93,84.51,16562.0,2852220.0
2014-02-24,84.52,82.98,82.92,84.06,21244.0,3105771.0
2014-02-25,83.7,80.16,79.76,83.7,38678.0,5612259.0
2014-02-26,81.41,80.83,80.08,80.56,21764.0,2996064.0
2014-02-27,81.58,81.46,80.86,80.88,16691.0,2251465.0
2014-02-28,81.65,81.47,80.73,81.48,19292.0,2650688.0
2014-03-03,81.54,81.46,80.71,81.08,16225.0,1734987.0
2014-03-04,82.03,81.54,81.29,81.92,19096.0,2592928.0
2014-03-05,81.56,80.8,80.33,81.55,21704.0,2809302.0
2014-03-06,82.43,81.92,80.9,80.98,17665.0,2184030.0
2014-03-07,81.92,81.31,80.29,81.92,15374.0,1809346.0
2014-03-10,81.49,81.18,80.48,81.09,11954.0,1293520.0
2014-03-11,81.86,81.7,80.8101,81.06,14283.0,1550008.0
2014-03-12,81.542,80.84,80.52,81.25,18337.0,2458080.0
2014-03-13,81.24,80.35,80.27,81.01,18224.0,2444062.0
2014-03-14,81.06,80.39,80.05,80.11,13262.0,1695959.0
2014-03-17,81.99,81.74,80.78,80.78,20594.0,2481279.0
2014-03-18,82.29,81.8,81.5,81.8,13188.0,1474060.0
2014-03-19,82.99,80.68,80.3,81.86,16095.0,1996957.0
2014-03-20,81.27,81.23,80.11,80.55,16060.0,1815531.0
2014-03-21,81.93,81.07,80.77,81.84,17760.0,3506060.0
2014-03-24,81.86,80.9,80.171,81.43,14226.0,2142806.0
2014-03-25,81.85,81.71,81.02,81.59,14546.0,1988276.0
2014-03-26,82.42,80.81,80.74,81.86,17508.0,2478337.0
2014-03-27,81.08,80.67,80.01,80.7,15167.0,1895544.0
2014-03-28,82.62,82.13,80.91,80.98,17089.0,2467851.0
2014-03-31,82.99,81.87,81.68,82.57,15495.0,1959319.0
2014-04-01,82.09,81.61,80.9,81.98,17906.0,2414600.0
2014-04-02,82.33,81.27,81.13,81.5,19107.0,2161806.0
2014-04-03,81.62,81.25,80.7,81.35,12997.0,1527192.0
2014-04-04,81.75,80.73,80.1,81.71,22115.0,2884523.0
2014-04-07,81.77,80.67,80.61,80.8,20459.0,3475727.0
2014-04-08,81.68,81.5,80.17,80.68,22061.0,2991182.0
2014-04-09,82.0,81.87,80.91,81.65,16910.0,1974301.0
2014-04-10,82.34,81.55,81.23,81.85,20112.0,2492487.0
2014-04-11,81.545,80.55,80.54,81.24,17125.0,2284084.0
2014-04-14,81.66,81.31,80.61,81.0,14236.0,1629709.0
2014-04-15,81.86,81.68,80.86,81.3,14714.0,1714265.0
2014-04-16,82.5,82.38,81.94,82.27,13305.0,1608602.0
2014-04-17,83.13,82.65,82.32,82.49,12511.0,1826163.0
2014-04-21,83.09,83.09,82.31,82.89,10613.0,1472624.0
2014-04-22,84.13,83.93,82.86,83.04,15254.0,2175917.0
2014-04-23,84.1,84.03,83.18,83.66,13384.0,1477464.0
2014-04-24,84.27,83.56,83.08,84.25,17692.0,4173082.0
2014-04-25,83.59,83.08,82.93,83.31,8711.0,1063711.0
2014-04-28,83.795,83.46,82.81,83.34,14526.0,1639158.0
2014-04-29,83.83,83.0,82.89,83.69,13277.0,1664414.0
2014-04-30,83.765,83.52,82.95,83.07,17202.0,2238159.0
2014-05-01,86.52,86.23,83.7,84.05,28628.0,3442306.0
2014-05-02,88.0,87.0,85.95,86.07,23386.0,2788519.0
2014-05-05,88.82,88.4,86.62,86.74,22858.0,2769232.0
2014-05-06,87.7,87.2,87.14,87.54,22087.0,2792003.0
2014-05-07,88.88,88.35,87.59,88.33,18243.0,2843333.0
2014-05-08,88.6697,88.25,87.84,88.2,13210.0,1706136.0
2014-05-09,88.65,88.65,88.03,88.42,12290.0,1289761.0
2014-05-12,88.85,88.31,88.16,88.85,14022.0,1729104.0
2014-05-13,90.0,88.53,88.23,88.3,12301.0,1330608.0
2014-05-14,89.4,88.76,88.62,88.63,12179.0,1254786.0
2014-05-15,88.75,88.66,87.71,88.6,14387.0,1501796.0
2014-05-16,89.55,88.86,88.25,88.75,12299.0,1578971.0
2014-05-19,89.1,87.84,87.755,88.54,13501.0,1515290.0
2014-05-20,88.51,88.03,87.5,87.82,13637.0,1677554.0
2014-05-21,88.46,88.38,87.99,88.13,10358.0,1197355.0
2014-05-22,88.8599,88.46,88.32,88.45,11170.0,1345116.0
2014-05-23,88.94,88.41,88.06,88.49,9571.0,1234667.0
2014-05-27,89.3,89.0,88.57,88.62,10931.0,1321522.0
2014-05-28,89.295,89.19,88.34,88.47,13760.0,1371766.0
2014-05-29,89.45,89.38,88.79,89.13,11684.0,1235439.0
2014-05-30,89.73,89.63,89.1,89.32,11741.0,1676485.0
2014-06-02,89.78,88.39,88.17,89.67,20232.0,2296071.0
2014-06-03,88.89,88.72,88.39,88.39,12534.0,1572599.0
2014-06-04,89.12,89.01,88.3,88.72,13830.0,1896902.0
2014-06-05,89.83,89.73,88.76,89.12,12760.0,1587545.0
2014-06-06,90.64,90.42,89.65,89.82,11330.0,1457151.0
2014-06-09,90.73,89.66,89.41,90.53,14749.0,1764540.0
2014-06-10,90.27,89.32,88.79,89.38,11036.0,1267600.0
2014-06-11,89.05,88.77,88.34,89.05,9036.0,1131319.0
2014-06-12,88.76,88.24,87.8,88.76,14895.0,1772896.0
2014-06-13,88.595,88.44,87.42,88.58,10032.0,1296418.0
2014-06-16,88.76,87.93,87.41,88.69,10907.0,1192468.0
2014-06-17,88.47,88.23,87.37,87.83,14537.0,1727449.0
2014-06-18,88.24,88.07,87.05,88.06,14134.0,1554603.0
2014-06-19,88.75,88.75,87.7,88.01,11749.0,1455657.0
2014-06-20,89.14,89.1,88.33,88.72,9512.0,1811093.0
2014-06-23,89.24,89.09,88.84,89.0,8860.0,915131.0
2014-06-24,89.61,89.25,88.77,88.8,10365.0,1223455.0
2014-06-25,89.58,89.28,88.49,88.49,9527.0,1126194.0
2014-06-26,89.34,88.63,88.59,89.24,13175.0,1493233.0
2014-06-27,89.51,89.02,88.55,88.55,10341.0,1398601.0
2014-06-30,90.0,89.98,88.88,89.06,15216.0,2167521.0
2014-07-01,90.08,89.71,89.26,90.08,16716.0,2419281.0
2014-07-02,90.17,89.74,89.255,89.7,11501.0,1913060.0
2014-07-03,90.09,90.01,89.05,89.73,8999.0,1165653.0
2014-07-07,90.85,90.73,89.6,89.72,17832.0,1794911.0
2014-07-08,90.795,90.36,90.0,90.46,15071.0,1750234.0
2014-07-09,91.14,90.87,89.87,90.46,12633.0,1613608.0
2014-07-10,91.6183,91.41,90.11,90.26,15270.0,1569669.0
2014-07-11,91.83,91.64,90.99,91.35,10289.0,1066214.0
2014-07-14,92.1,91.97,91.42,91.95,13827.0,1469103.0
2014-07-15,92.02,91.63,90.81,91.95,13407.0,1776511.0
2014-07-16,92.16,92.05,91.44,91.9,10509.0,1294252.0
2014-07-17,91.995,90.84,90.745,91.67,11357.0,1331640.0
2014-07-18,92.53,92.47,91.12,91.24,12072.0,1561902.0
2014-07-21,92.3299,91.86,91.78,92.17,8980.0,1031194.0
2014-07-22,92.9499,92.88,91.8,92.32,12578.0,1563697.0
2014-07-23,93.3,92.96,92.85,93.18,11586.0,1232303.0
2014-07-24,93.05,92.37,92.27,92.95,9478.0,1121514.0
2014-07-25,92.95,92.22,92.11,92.24,8481.0,904013.0
2014-07-28,92.86,92.4,92.01,92.45,13305.0,1672658.0
2014-07-29,93.2,92.35,92.12,92.51,12653.0,1673883.0
2014-07-30,97.56,96.25,93.57,93.57,23700.0,2873596.0
2014-07-31,96.26,94.39,94.39,95.84,19780.0,2444514.0
2014-08-01,95.61,94.35,94.08,94.47,16079.0,1720376.0
2014-08-04,95.73,95.56,93.88,94.75,14228.0,1864790.0
2014-08-05,95.27,94.79,94.11,94.94,15136.0,1982349.0
2014-08-06,96.03,95.65,94.13,95.1,16347.0,2432163.0
2014-08-07,97.61,97.24,95.78,95.97,25522.0,3220344.0
2014-08-08,98.18,98.11,96.84,97.19,15330.0,1873999.0
2014-08-11,99.56,98.03,97.97,98.53,16728.0,2001281.0
2014-08-12,97.93,96.71,96.45,97.88,18679.0,2409967.0
2014-08-13,97.36,97.21,96.52,97.16,14759.0,1797645.0
2014-08-14,97.73,97.55,96.97,97.55,11739.0,1242648.0
2014-08-15,98.66,98.21,97.66,98.08,13467.0,1694141.0
2014-08-18,99.78,99.78,98.89,99.1,15828.0,1814176.0
2014-08-19,99.9,99.06,98.58,99.76,17105.0,2184287.0
2014-08-20,99.02,98.66,97.85,98.99,16049.0,1754069.0
2014-08-21,99.87,98.93,98.751,98.97,16706.0,2909323.0
2014-08-22,98.98,98.13,97.82,98.93,14191.0,1658740.0
2014-08-25,98.96,98.9,98.4,98.8,10086.0,1203637.0
2014-08-26,99.08,98.6,98.4,99.08,8610.0,1148426.0
2014-08-27,99.38,98.8,98.55,98.92,9398.0,1417585.0
2014-08-28,99.19,98.78,98.63,98.77,9017.0,1054455.0
2014-08-29,99.25,98.6,98.51,99.12,9604.0,2301601.0
2014-09-02,99.26,98.78,98.1,99.13,21215.0,2678418.0
2014-09-03,98.26,98.11,97.55,97.65,19676.0,2304196.0
2014-09-04,98.94,98.6,98.12,98.43,16959.0,2460017.0
2014-09-05,99.74,99.63,98.42,98.51,13592.0,1480284.0
2014-09-08,99.9,99.36,99.02,99.8,10181.0,957919.0
2014-09-09,99.37,98.56,98.13,99.11,13005.0,1463958.0
2014-09-10,98.55,97.47,97.38,98.01,16370.0,1756976.0
2014-09-11,97.97,97.83,96.93,97.48,16980.0,2048806.0
2014-09-12,97.75,96.01,95.42,97.72,17918.0,2059408.0
2014-09-15,96.08,95.14,94.69,95.84,23503.0,2954724.0
2014-09-16,95.85,95.47,94.87,95.14,17936.0,2118817.0
2014-09-17,96.2099,95.63,95.36,95.77,15412.0,1917352.0
2014-09-18,96.65,95.88,95.6101,95.89,15332.0,1691558.0
2014-09-19,96.42,95.16,94.86,96.18,15043.0,2661936.0
2014-09-22,95.13,94.31,93.85,95.11,15376.0,1740470.0
2014-09-23,94.92,93.93,93.91,94.33,11436.0,1240652.0
2014-09-24,94.96,94.19,93.65,94.0,11241.0,1313519.0
2014-09-25,94.16,93.12,93.015,93.83,13626.0,1789497.0
2014-09-26,94.18,93.45,93.01,93.04,15943.0,2737297.0
2014-09-29,93.9,93.55,92.78,92.89,16672.0,2140363.0
2014-09-30,94.1609,93.63,93.26,93.81,18656.0,2919928.0
2014-10-01,94.08,93.45,93.09,93.86,16714.0,1928721.0
2014-10-02,94.06,93.49,93.09,93.49,15680.0,1671971.0
2014-10-03,94.28,93.88,93.48,93.66,22213.0,2997688.0
2014-10-06,94.49,93.88,93.6,94.26,15103.0,1475910.0
2014-10-07,94.2,93.36,93.3,93.57,14988.0,1515048.0
2014-10-08,95.4,95.33,93.27,93.5,16677.0,1653360.0
2014-10-09,96.19,94.75,94.43,95.27,23044.0,2318938.0
2014-10-10,96.35,94.71,94.62,94.9,20256.0,2575005.0
2014-10-13,94.82,93.04,92.9401,94.57,18914.0,2227058.0
2014-10-14,94.79,93.35,92.955,93.6,22382.0,2548370.0
2014-10-15,93.655,91.98,90.2,92.94,36680.0,3452294.0
2014-10-16,92.76,92.46,90.65,90.75,20299.0,2197578.0
2014-10-17,93.83,93.17,92.5,93.16,17142.0,2090318.0
2014-10-20,94.13,94.09,92.835,93.21,13587.0,1412837.0
2014-10-21,95.63,95.6,94.01,94.42,12652.0,1397671.0
2014-10-22,96.22,94.94,94.87,95.67,11812.0,1225355.0
2014-10-23,96.249,95.87,95.24,95.51,12893.0,1500812.0
2014-10-24,96.27,96.17,95.38,95.73,11073.0,1442071.0
2014-10-27,96.27,96.15,94.95,95.77,15399.0,1664513.0
2014-10-28,96.47,96.4,95.21,95.211,13802.0,1599755.0
2014-10-29,96.49,95.05,94.85,96.34,22093.0,2970165.0
2014-10-30,99.33,98.9,95.63,96.62,25226.0,3037282.0
2014-10-31,100.36,97.5,97.43,99.55,29876.0,3955808.0
2014-11-03,97.14,96.86,95.83,95.83,22849.0,2748866.0
2014-11-04,97.29,96.88,95.72,96.96,20424.0,3145188.0
2014-11-05,97.66,97.65,96.47,97.26,17849.0,2023211.0
2014-11-06,101.46,99.55,98.48,99.7,33599.0,4215025.0
2014-11-07,100.13,99.47,98.7101,99.82,20022.0,2514995.0
2014-11-10,99.48,99.3,98.61,98.811,16562.0,2005818.0
2014-11-11,99.77,99.5,98.7296,99.769,12247.0,1470494.0
2014-11-12,99.8,99.74,98.91,99.46,14517.0,1763039.0
2014-11-13,100.45,99.95,99.65,99.65,12459.0,1373103.0
2014-11-14,100.06,99.53,99.3,99.81,11499.0,1240390.0
2014-11-17,100.1,99.54,99.4,99.4,14541.0,1594861.0
2014-11-18,100.82,100.65,99.51,99.69,12329.0,1614149.0
2014-11-19,100.98,100.81,99.96,100.92,12754.0,1401021.0
2014-11-20,101.04,100.71,100.3,100.62,15610.0,1406133.0
2014-11-21,102.12,102.1,101.076,101.67,15974.0,3030197.0
2014-11-24,102.76,102.47,101.98,102.19,18876.0,2046552.0
2014-11-25,104.455,104.17,102.32,102.45,22695.0,2601141.0
2014-11-26,105.2,104.7,104.0,104.47,12304.0,1433940.0
2014-11-28,106.305,105.01,104.88,105.11,6797.0,922613.0
2014-12-01,105.09,103.49,103.3,103.75,19537.0,2463833.0
2014-12-02,102.31,101.97,100.41,102.31,31252.0,3843047.0
2014-12-03,102.59,101.68,101.68,102.5,16184.0,1809367.0
2014-12-04,101.97,101.61,101.26,101.56,14384.0,1633583.0
2014-12-05,101.87,100.54,100.27,101.49,17876.0,2124543.0
2014-12-08,101.64,100.77,100.34,100.41,18255.0,2175858.0
2014-12-09,100.8599,100.78,99.73,100.02,15074.0,1669631.0
2014-12-10,101.1,100.17,99.97,100.22,14586.0,1826854.0
2014-12-11,100.67,99.95,99.8,100.38,16761.0,2068126.0
2014-12-12,100.28,98.58,98.54,99.45,13504.0,1486134.0
2014-12-15,99.16,97.45,97.18,98.94,17051.0,1835266.0
2014-12-16,97.32,95.78,95.655,96.9,22584.0,2378200.0
2014-12-17,97.18,97.14,95.58,96.04,19734.0,2143890.0
2014-12-18,98.61,98.58,97.44,97.92,18595.0,2276779.0
2014-12-19,99.69,99.53,98.35,99.35,19898.0,3225396.0
2014-12-22,100.76,100.68,99.1705,99.25,13887.0,1586430.0
2014-12-23,101.47,100.65,100.45,100.86,11586.0,2072989.0
2014-12-24,101.299,100.75,100.53,100.8,6285.0,762869.0
2014-12-26,101.05,100.64,100.555,100.75,8404.0,975372.0
2014-12-29,101.3,100.63,100.3899,100.64,9361.0,1150128.0
2014-12-30,100.87,100.34,100.07,100.4,11572.0,1484716.0
2014-12-31,100.9997,98.85,98.75,100.56,10399.0,1367814.0
2015-01-02,99.91,99.67,98.9,99.16,13056.0,1462901.0
2015-01-05,99.68,98.23,97.95,99.68,18301.0,2124697.0
2015-01-06,98.92,97.97,97.93,98.3,20876.0,2329516.0
2015-01-07,99.34,99.0,98.05,98.56,16243.0,1855173.0
2015-01-08,100.2,99.92,99.33,99.57,19368.0,2214849.0
2015-01-09,100.26,99.41,98.98,100.04,13744.0,1323725.0
2015-01-12,99.834,98.98,98.95,99.65,13318.0,1488997.0
2015-01-13,99.72,97.88,97.26,99.55,19790.0,2070179.0
2015-01-14,97.94,97.26,97.01,97.38,16845.0,2365452.0
2015-01-15,98.37,96.28,96.2,97.64,23720.0,3060476.0
2015-01-16,97.55,97.42,95.87,96.25,19679.0,2435074.0
2015-01-20,98.0,97.13,96.14,98.0,16556.0,2011374.0
2015-01-21,97.61,96.75,96.55,96.81,15493.0,1907728.0
2015-01-22,98.9265,98.83,97.0,97.27,24358.0,4187128.0
2015-01-23,100.36,99.6,98.84,99.14,18632.0,2589843.0
2015-01-26,101.88,101.76,99.43,100.22,20999.0,3049478.0
2015-01-27,101.36,100.39,100.06,100.83,17559.0,2019445.0
2015-01-28,101.4799,98.88,98.82,100.7,17029.0,2129839.0
2015-01-29,99.09,98.42,97.64,98.73,16232.0,1957783.0
2015-01-30,98.41,96.95,96.86,97.65,17884.0,1990742.0
2015-02-02,98.06,97.85,95.67,96.95,18807.0,1918273.0
2015-02-03,99.16,99.09,97.62,97.74,15749.0,1669301.0
2015-02-04,99.32,97.85,97.66,98.88,14745.0,1697202.0
2015-02-05,100.26,99.59,98.17,98.29,18566.0,1901320.0
2015-02-06,98.94,95.73,95.29,98.87,46573.0,5384260.0
2015-02-09,97.63,96.7,95.59,95.65,23185.0,2811457.0
2015-02-10,97.45,96.37,95.13,97.17,23086.0,2965564.0
2015-02-11,96.69,95.96,94.77,96.59,18612.0,2445259.0
2015-02-12,96.75,95.97,95.73,96.28,21085.0,2101139.0
2015-02-13,96.83,96.4,95.5,95.95,14946.0,1748921.0
2015-02-17,97.25,96.22,96.08,96.46,17420.0,3051317.0
2015-02-18,96.72,96.2,95.475,96.12,17522.0,2429981.0
2015-02-19,96.19,95.26,95.19,96.19,16355.0,1731695.0
2015-02-20,96.6,96.53,95.24,95.3,18954.0,3039018.0
2015-02-23,97.54,97.33,96.278,96.53,21305.0,2621954.0
2015-02-24,96.65,94.65,94.05,95.42,50528.0,6782314.0
2015-02-25,98.85,97.85,94.38,94.39,44306.0,6038251.0
2015-02-26,100.8,98.88,97.42,97.56,92436.0,18726256.0
2015-02-27,99.7,99.14,98.7,99.4,32160.0,4150575.0
2015-03-02,99.89,99.4,98.76,98.81,22330.0,2911073.0
2015-03-03,99.47,98.28,98.15,99.31,24430.0,3117478.0
2015-03-04,98.93,98.56,97.69,98.34,23512.0,3103140.0
2015-03-05,99.57,99.24,98.37,98.42,16483.0,2153071.0
2015-03-06,98.18,96.61,96.2,98.18,26410.0,3799265.0
2015-03-09,97.45,96.58,96.37,97.0,17843.0,2366254.0
2015-03-10,96.23,94.57,94.51,95.94,21498.0,2642114.0
2015-03-11,95.07,94.63,94.24,94.51,16042.0,2146706.0
2015-03-12,96.291,96.27,95.0,95.5,17332.0,2231929.0
2015-03-13,96.29,94.24,93.89,96.22,19035.0,2510923.0
2015-03-16,95.0,94.61,94.04,94.73,20822.0,2881525.0
2015-03-17,94.88,94.12,93.85,94.45,20587.0,2764384.0
2015-03-18,95.98,95.51,93.21,94.1,29469.0,3494273.0
2015-03-19,95.62,94.59,94.57,95.5,20247.0,2758077.0
2015-03-20,97.77,97.69,94.39,94.7,21792.0,3581187.0
2015-03-23,98.31,97.64,97.35,97.72,14798.0,1888387.0
2015-03-24,98.01,97.16,97.15,97.77,16502.0,2271906.0
2015-03-25,97.38,95.47,95.47,97.13,14776.0,1827352.0
2015-03-26,95.885,95.2,94.61,94.62,13437.0,1475294.0
2015-03-27,96.37,96.04,95.58,95.8,19782.0,2380073.0
2015-03-30,96.74,96.16,95.72,96.57,18378.0,2564895.0
2015-03-31,96.62,94.15,94.15,95.81,25851.0,4335482.0
2015-04-01,97.24,96.46,95.61,96.26,27880.0,3388944.0
2015-04-02,97.29,96.78,96.4,96.56,12846.0,1526934.0
2015-04-06,98.16,98.04,96.5,96.69,18600.0,2604672.0
2015-04-07,98.64,96.87,96.86,98.04,19926.0,2338535.0
2015-04-08,97.57,96.53,96.21,96.67,11111.0,1344292.0
2015-04-09,96.61,95.34,95.22,96.28,14033.0,1737026.0
2015-04-10,95.95,95.07,95.01,95.55,12264.0,1468901.0
2015-04-13,95.79,94.78,94.78,95.0,12914.0,1645554.0
2015-04-14,95.14,94.5,93.89,94.8,15725.0,2372801.0
2015-04-15,96.57,95.17,95.09,96.0,18394.0,2404172.0
2015-04-16,96.94,96.76,94.45,94.57,22346.0,2774572.0
2015-04-17,96.55,96.1,95.32,96.24,18893.0,2320877.0
2015-04-20,96.5,95.84,95.51,96.14,15908.0,2222639.0
2015-04-21,96.2,94.98,94.83,95.84,15824.0,2150265.0
2015-04-22,96.04,95.92,94.86,94.98,14753.0,1837475.0
2015-04-23,96.44,96.04,95.27,95.79,10935.0,1335636.0
2015-04-24,96.44,95.32,95.28,95.93,15992.0,2210713.0
2015-04-27,96.03,95.19,95.02,95.68,15620.0,1885803.0
2015-04-28,95.78,95.76,94.87,94.94,13813.0,1652500.0
2015-04-29,95.62,93.51,93.5,95.12,22984.0,3132928.0
2015-04-30,96.83,94.53,94.09,96.38,28714.0,4171977.0
2015-05-01,94.85,93.48,93.11,94.65,26680.0,3110338.0
2015-05-04,94.75,94.64,93.28,93.45,19612.0,2480188.0
2015-05-05,94.98,93.0,92.86,94.65,24417.0,3092818.0
2015-05-06,93.9324,92.86,92.24,93.06,26251.0,3276300.0
2015-05-07,94.03,93.63,92.65,92.92,16961.0,1913652.0
2015-05-08,95.17,94.95,94.08,94.75,18383.0,2055773.0
2015-05-11,94.85,93.65,93.13,94.4,18799.0,2369101.0
2015-05-12,93.86,93.6,92.1,93.06,17372.0,2170813.0
2015-05-13,94.37,92.94,92.51,93.91,24535.0,3154842.0
2015-05-14,94.85,94.81,93.165,93.36,17126.0,2016836.0
2015-05-15,95.55,95.51,94.0901,94.52,15291.0,2565335.0
2015-05-18,95.74,95.2,94.82,95.09,14035.0,1568009.0
2015-05-19,95.77,95.45,94.69,94.91,14641.0,1696847.0
2015-05-20,95.33,94.32,94.1241,95.33,18519.0,2370301.0
2015-05-21,94.47,93.9,93.61,94.14,16096.0,2322374.0
2015-05-22,94.86,94.35,93.34,93.76,16678.0,2274003.0
2015-05-26,94.69,94.61,93.63,94.06,22060.0,2670123.0
2015-05-27,95.35,95.16,94.01,94.56,17060.0,2485382.0
2015-05-28,94.98,94.6,94.0101,94.82,19905.0,2803353.0
2015-05-29,94.7,92.79,92.58,94.7,32286.0,5166869.0
2015-06-01,94.4,94.23,92.59,92.7,21859.0,2590858.0
2015-06-02,94.66,94.15,93.54,94.01,19346.0,2294345.0
2015-06-03,94.01,92.68,92.64,93.86,21451.0,3080604.0
2015-06-04,95.69,94.67,92.83,92.98,33128.0,4211008.0
2015-06-05,94.31,92.52,92.5,94.26,30428.0,4130574.0
2015-06-08,93.38,92.83,92.45,92.63,19574.0,2936294.0
2015-06-09,93.03,92.07,91.99,92.86,14478.0,2406495.0
2015-06-10,93.4,92.7,91.995,92.18,12622.0,1377914.0
2015-06-11,93.84,93.42,92.67,93.06,13409.0,1744354.0
2015-06-12,93.57,93.2,92.71,93.12,11516.0,1422661.0
2015-06-15,92.77,92.26,91.99,92.25,13802.0,1616852.0
2015-06-16,93.34,93.26,92.16,92.28,13228.0,1676377.0
2015-06-17,94.49,94.12,92.87,93.28,18302.0,2347751.0
2015-06-18,96.29,96.18,94.01,94.38,27917.0,3393738.0
2015-06-19,97.06,95.97,95.97,96.26,23232.0,3612232.0
2015-06-22,96.65,95.79,95.7,96.26,12707.0,1574769.0
2015-06-23,96.35,96.25,94.99,95.07,15905.0,1848089.0
2015-06-24,96.3899,95.08,95.08,96.25,14178.0,1692567.0
2015-06-25,96.97,94.74,94.645,95.37,11224.0,1299338.0
2015-06-26,94.87,94.24,93.67,94.85,19292.0,2707859.0
2015-06-29,94.75,92.94,92.87,94.14,14155.0,1569020.0
2015-06-30,93.83,93.29,92.97,93.65,15942.0,2034214.0
2015-07-01,94.0799,94.01,93.18,93.88,14431.0,1805806.0
2015-07-02,95.1,94.91,94.04,94.65,15018.0,1856500.0
2015-07-06,95.15,94.98,94.5,94.5,17080.0,2076778.0
2015-07-07,95.87,95.63,94.495,95.54,15403.0,1601226.0
2015-07-08,95.6,94.48,94.32,95.18,12275.0,1167205.0
2015-07-09,95.73,94.39,94.1,95.31,11972.0,1350257.0
2015-07-10,95.96,95.42,94.42,94.83,17111.0,1972993.0
2015-07-13,96.5501,95.7,95.31,96.04,14799.0,1684439.0
2015-07-14,96.27,95.48,95.426,95.81,11193.0,1469033.0
2015-07-15,96.08,95.95,95.26,95.74,13358.0,1684279.0
2015-07-16,98.02,97.82,96.368,96.5,23919.0,2632524.0
2015-07-17,97.82,96.95,96.44,97.74,11929.0,1588727.0
2015-07-20,97.16,97.06,96.1,96.68,14822.0,2229002.0
2015-07-21,97.76,96.95,96.58,96.82,13785.0,1652250.0
2015-07-22,97.22,96.54,96.285,96.81,12151.0,1393766.0
2015-07-23,98.0999,98.0,96.48,96.48,24647.0,3172779.0
2015-07-24,98.31,96.79,96.64,98.2,20216.0,2361289.0
2015-07-27,97.43,96.48,96.23,96.76,14251.0,2057126.0
2015-07-28,97.0,96.68,95.94,96.59,20725.0,2563461.0
2015-07-29,97.47,96.32,93.77,95.66,28022.0,3657734.0
2015-07-30,96.04,94.95,94.75,96.04,15100.0,1746393.0
2015-07-31,95.92,95.11,94.85,95.03,18565.0,2710896.0
2015-08-03,95.53,95.36,94.85,95.25,16027.0,2229521.0
2015-08-04,96.6,96.12,94.76,95.15,15425.0,2261629.0
2015-08-05,96.99,96.64,96.1,96.48,16414.0,1888485.0
2015-08-06,98.594,98.36,97.36,97.36,28354.0,3543696.0
2015-08-07,99.71,99.65,98.47,98.59,25554.0,2977923.0
2015-08-10,100.57,100.49,99.37,99.74,22178.0,2724195.0
2015-08-11,101.17,101.0,99.005,100.18,19896.0,2468548.0
2015-08-12,100.77,99.97,99.15,100.36,24074.0,2800342.0
2015-08-13,101.08,100.25,99.27,99.97,18330.0,2157197.0
2015-08-14,101.275,101.08,99.75,100.32,12349.0,1574174.0
2015-08-17,101.54,101.45,100.3,100.82,16570.0,1865295.0
2015-08-18,101.54,100.49,100.34,101.27,15711.0,1827299.0
2015-08-19,101.03,100.4,99.68,100.2,16679.0,1994314.0
2015-08-20,100.26,98.85,98.72,100.14,18821.0,2195072.0
2015-08-21,99.15,96.7,96.62,98.56,27312.0,3397474.0
2015-08-24,94.86,91.94,89.67,91.74,55507.0,7386418.0
2015-08-25,93.71,89.51,89.39,93.28,39292.0,4352503.0
2015-08-26,91.76,91.53,89.8,91.19,32021.0,4163642.0
2015-08-27,94.57,93.87,91.81,92.39,26226.0,2877503.0
2015-08-28,94.47,93.45,92.97,93.88,18316.0,2286814.0
2015-08-31,93.54,92.19,92.12,93.28,17624.0,2198597.0
2015-09-01,91.08,90.03,89.66,90.37,26870.0,3258843.0
2015-09-02,91.45,91.17,89.98,91.09,14339.0,2047455.0
2015-09-03,92.0,91.02,90.79,91.39,16414.0,1979387.0
2015-09-04,90.4,89.02,88.585,89.96,25219.0,3065841.0
2015-09-08,90.77,90.05,89.44,90.32,17497.0,2199091.0
2015-09-09,91.36,88.7,88.52,91.09,16414.0,2050614.0
2015-09-10,88.93,88.32,87.945,88.57,24973.0,3131011.0
2015-09-11,89.29,89.26,88.09,88.53,17541.0,2080217.0
2015-09-14,89.44,88.83,88.515,89.29,14269.0,1681809.0
2015-09-15,89.81,89.55,88.54,89.04,14615.0,2037080.0
2015-09-16,90.81,90.6,89.25,89.25,14256.0,1788532.0
2015-09-17,93.02,91.52,90.28,90.65,21307.0,2441943.0
2015-09-18,91.4,90.49,90.16,90.16,20479.0,2946039.0
2015-09-21,90.78,90.39,90.035,90.59,13793.0,1360578.0
2015-09-22,89.91,89.05,88.64,89.73,12756.0,1470014.0
2015-09-23,89.2,88.71,88.22,88.85,11694.0,1224510.0
2015-09-24,88.4799,88.03,87.365,88.28,16020.0,2001477.0
2015-09-25,89.61,88.84,88.23,88.47,17147.0,1843165.0
2015-09-28,88.68,87.21,87.1099,88.52,17313.0,2178901.0
2015-09-29,87.75,87.01,86.83,87.35,18378.0,2015895.0
2015-09-30,88.04,87.98,87.08,87.96,17191.0,2234909.0
2015-10-01,88.985,88.38,87.47,87.95,15899.0,1704342.0
2015-10-02,89.8,89.74,87.23,87.42,18838.0,2473957.0
2015-10-05,93.61,93.46,90.13,90.13,24804.0,3042377.0
2015-10-06,93.7,93.37,92.775,93.4,20589.0,2794624.0
2015-10-07,94.24,94.24,93.28,93.75,21413.0,2502861.0
2015-10-08,95.76,95.57,93.85,93.87,20020.0,2268664.0
2015-10-09,95.69,94.94,94.83,95.34,18311.0,2183667.0
2015-10-12,95.21,94.8,94.55,94.9,10461.0,1157527.0
2015-10-13,94.74,93.7,93.49,94.15,13677.0,1742395.0
2015-10-14,93.99,93.06,92.7,93.9,16679.0,1964369.0
2015-10-15,94.7,94.65,93.42,93.51,13590.0,1613596.0
2015-10-16,96.26,96.13,94.9,95.13,18236.0,2337199.0
2015-10-19,96.8,96.79,95.68,95.68,17736.0,2177029.0
2015-10-20,97.14,96.91,96.15,96.76,14935.0,1808815.0
2015-10-21,97.17,96.06,95.92,97.0,12147.0,1490951.0
2015-10-22,99.6401,99.47,96.32,96.32,20311.0,2415870.0
2015-10-23,99.94,99.17,98.52,99.58,14921.0,1545983.0
2015-10-26,99.67,99.53,98.67,99.17,11260.0,1045008.0
2015-10-27,99.42,99.27,98.55,99.14,11681.0,1107825.0
2015-10-28,100.94,100.87,99.27,99.56,25419.0,2922543.0
2015-10-29,102.135,101.96,98.61,99.86,23114.0,2736029.0
2015-10-30,102.62,102.23,101.42,102.11,26553.0,3364280.0
2015-11-02,104.12,104.06,102.29,102.81,23686.0,2757706.0
2015-11-03,103.98,103.28,103.05,103.89,19611.0,2064564.0
2015-11-04,103.8,102.23,101.94,103.29,15968.0,1732039.0
2015-11-05,101.96,100.87,99.045,101.73,27268.0,3137213.0
2015-11-06,100.25,98.03,96.99,100.25,28394.0,3114798.0
2015-11-09,97.94,97.11,96.39,97.83,17065.0,1839101.0
2015-11-10,97.63,97.13,96.86,97.13,16097.0,1753684.0
2015-11-11,97.99,97.62,96.89,97.42,10044.0,1111519.0
2015-11-12,98.27,97.35,96.95,97.31,15418.0,1682993.0
2015-11-13,98.08,96.38,96.2,97.6,15758.0,1623721.0
2015-11-16,98.05,98.05,96.0,96.47,14240.0,1336586.0
2015-11-17,98.97,98.35,97.73,98.23,14053.0,1380966.0
2015-11-18,99.82,99.66,98.32,98.62,15601.0,1668010.0
2015-11-19,100.26,99.63,99.22,99.87,13809.0,1537907.0
2015-11-20,100.87,100.49,99.53,100.2,13024.0,1326622.0
2015-11-23,100.67,99.94,99.45,100.49,10079.0,997447.0
2015-11-24,99.45,99.26,98.32,99.28,13110.0,1336883.0
2015-11-25,99.6,99.09,98.9,99.15,8738.0,965920.0
2015-11-27,100.0426,99.68,99.09,99.09,4874.0,487017.0
2015-11-30,100.21,99.38,99.23,99.95,13382.0,1795429.0
2015-12-01,101.19,101.17,99.5,99.5,16526.0,1994106.0
2015-12-02,101.24,99.46,99.24,100.96,16786.0,1649877.0
2015-12-03,99.68,97.89,97.44,99.43,21288.0,2469641.0
2015-12-04,99.01,97.55,97.17,98.07,29090.0,3381470.0
2015-12-07,97.98,97.69,97.05,97.06,22925.0,2485616.0
2015-12-08,97.6099,96.88,96.28,97.34,23282.0,2654981.0
2015-12-09,97.44,95.54,94.86,96.29,24435.0,2558788.0
2015-12-10,96.04,95.07,94.97,95.54,15725.0,1742617.0
2015-12-11,94.6,93.68,93.25,94.04,24527.0,3007698.0
2015-12-14,94.41,94.04,92.88,93.38,20998.0,2220221.0
2015-12-15,96.15,95.61,94.775,94.87,18566.0,1774602.0
2015-12-16,97.77,97.5,95.64,96.01,18266.0,1892071.0
2015-12-17,97.88,96.09,96.08,97.83,17270.0,1776052.0
2015-12-18,95.9,94.6,94.59,95.61,21956.0,3258408.0
2015-12-21,95.74,95.56,94.79,95.42,12729.0,1291436.0
2015-12-22,97.0,96.42,95.86,96.15,13529.0,1755499.0
2015-12-23,98.54,98.5,96.68,96.68,15478.0,1844629.0
2015-12-24,98.7,98.14,97.92,98.63,6382.0,668387.0
2015-12-28,98.52,98.37,97.5,97.74,10744.0,1028269.0
2015-12-29,99.59,99.41,98.9201,98.95,10972.0,1198842.0
2015-12-30,99.53,98.1,98.02,99.33,9996.0,1039597.0
2015-12-31,97.99,96.95,96.88,97.96,12977.0,1523298.0
2016-01-04,96.78,96.7,95.09,96.29,22453.0,2819849.0
2016-01-05,98.75,98.61,96.8,96.94,19828.0,2518367.0
2016-01-06,98.64,98.26,97.52,98.07,17587.0,2132436.0
2016-01-07,97.33,95.81,95.37,96.9,25359.0,3203570.0
2016-01-08,96.4899,94.23,93.9,95.99,18868.0,1959905.0
2016-01-11,95.0,94.48,93.84,94.73,15408.0,1545367.0
2016-01-12,95.18,94.48,93.78,95.11,16912.0,1859881.0
2016-01-13,95.0699,92.15,92.1,94.85,19613.0,1989478.0
2016-01-14,93.05,92.21,91.7,92.74,22861.0,2524476.0
2016-01-15,91.63,88.39,87.85,90.51,42525.0,5386288.0
2016-01-19,93.53,90.91,89.6,89.76,33589.0,4084559.0
2016-01-20,90.18,89.0,86.21,90.01,30378.0,4292996.0
2016-01-21,91.16,90.02,88.21,88.87,24667.0,2994665.0
2016-01-22,93.59,93.25,90.33,90.91,27642.0,3258328.0
2016-01-25,93.39,91.12,90.93,93.28,23484.0,2895266.0
2016-01-26,93.69,92.47,91.9,92.0,24062.0,2795019.0
2016-01-27,93.45,92.51,91.42,92.06,19417.0,2024150.0
2016-01-28,93.45,92.51,92.34,92.63,18494.0,1950303.0
2016-01-29,94.5,94.34,92.87,93.64,22637.0,2744416.0
2016-02-01,93.9,93.1,92.83,93.6,24707.0,2622471.0
2016-02-02,92.84,91.35,91.15,92.48,17347.0,1908360.0
2016-02-03,91.76,90.49,88.4,91.76,36081.0,4310942.0
2016-02-04,91.8399,91.09,90.01,90.32,21941.0,2385364.0
2016-02-05,90.95,88.84,88.56,90.7,18612.0,2046038.0
2016-02-08,88.46,85.41,84.55,88.41,27856.0,3025349.0
2016-02-09,85.89,85.57,83.91,84.56,26115.0,2638074.0
2016-02-10,87.13,85.84,85.36,85.85,17257.0,1595520.0
2016-02-11,84.65,83.66,83.07,84.65,23509.0,2891006.0
2016-02-12,85.82,85.67,83.751,85.09,18929.0,2187998.0
2016-02-16,87.46,86.45,85.98,87.09,14434.0,1880246.0
2016-02-17,87.34,86.19,86.11,86.93,19771.0,2491796.0
2016-02-18,88.01,87.5,85.78,86.09,23655.0,2799486.0
2016-02-19,87.92,87.32,86.51,87.41,21078.0,2750907.0
2016-02-22,89.82,89.24,88.02,88.02,20442.0,2633645.0
2016-02-23,89.36,88.02,87.58,88.87,18464.0,1967624.0
2016-02-24,89.43,89.03,87.01,87.57,27783.0,3775916.0
2016-02-25,90.14,89.42,88.96,89.27,33644.0,4584250.0
2016-02-26,91.8,90.01,87.285,88.8,35965.0,4730346.0
2016-02-29,93.25,92.2,90.01,90.16,30401.0,3879554.0
2016-03-01,94.79,94.7,91.65,92.75,29744.0,3240607.0
2016-03-02,94.7,94.62,93.74,94.39,16933.0,1645651.0
2016-03-03,95.32,95.3,94.13,94.8,14402.0,1879747.0
2016-03-04,96.33,95.94,95.1,95.12,17878.0,1987827.0
2016-03-07,96.2,95.6,95.21,95.46,14522.0,1987903.0
2016-03-08,95.56,94.6,94.365,95.02,15621.0,1719442.0
2016-03-09,95.18,94.6,94.26,94.94,15258.0,1873258.0
2016-03-10,95.81,94.71,93.69,95.31,17160.0,1748499.0
2016-03-11,98.56,98.46,95.42,95.55,21463.0,2680711.0
2016-03-14,98.31,98.06,96.69,97.69,19133.0,2026190.0
2016-03-15,98.63,98.41,97.02,97.07,17881.0,2124199.0
2016-03-16,99.98,99.81,97.79,98.11,20468.0,1816954.0
2016-03-17,102.9,101.75,99.47,99.72,29874.0,3535081.0
2016-03-18,102.2,100.51,100.15,102.2,21515.0,3566459.0
2016-03-21,100.66,100.34,99.76,100.01,17691.0,1718109.0
2016-03-22,100.37,99.93,99.455,100.08,13660.0,1435782.0
2016-03-23,100.96,99.58,99.57,100.0,12472.0,1343899.0
2016-03-24,100.62,100.35,98.87,99.4,12274.0,1576807.0
2016-03-28,100.88,100.24,99.89,100.46,10746.0,1077136.0
2016-03-29,102.07,101.92,99.795,100.3,15114.0,1824432.0
2016-03-30,102.91,102.31,102.08,102.35,15510.0,1568352.0
2016-03-31,102.93,102.37,101.88,102.0,13516.0,1588288.0
2016-04-01,104.82,104.5,101.87,101.93,24759.0,3108134.0
2016-04-04,104.88,104.7,104.12,104.7,17107.0,1877240.0
2016-04-05,104.39,104.0,103.74,104.0,15915.0,1661128.0
2016-04-06,105.835,105.7,103.75,104.0,18440.0,2331505.0
2016-04-07,105.55,105.0,104.43,105.23,17176.0,2133138.0
2016-04-08,106.07,105.71,104.8174,105.02,14648.0,1380273.0
2016-04-11,106.53,106.01,105.6712,106.25,15470.0,1423518.0
2016-04-12,106.49,106.17,105.26,105.91,18638.0,1495699.0
2016-04-13,106.75,106.23,105.81,106.74,18342.0,2271261.0
2016-04-14,106.34,105.2,105.08,106.15,15460.0,1628035.0
2016-04-15,106.0,105.78,104.87,105.28,12552.0,1325133.0
2016-04-18,105.76,105.54,105.0,105.22,18810.0,2031483.0
2016-04-19,105.54,105.5,103.95,105.02,24417.0,2433076.0
2016-04-20,105.89,104.82,104.635,105.51,19011.0,1707255.0
2016-04-21,104.5,102.57,102.38,104.5,23181.0,2442187.0
2016-04-22,105.14,104.19,102.85,102.96,16262.0,1709907.0
2016-04-25,104.55,104.18,103.31,104.09,13181.0,1296786.0
2016-04-26,105.05,104.77,104.38,104.45,12693.0,1257859.0
2016-04-27,105.28,104.49,103.8,104.53,17614.0,1613465.0
2016-04-28,105.34,104.13,103.52,103.81,23438.0,2402326.0
2016-04-29,105.25,104.88,102.29,103.95,24004.0,2678505.0
2016-05-02,105.77,105.51,104.5,105.0,21098.0,2100754.0
2016-05-03,104.99,104.16,103.15,104.42,20086.0,1976795.0
2016-05-04,105.73,105.51,103.26,103.65,19326.0,1927484.0
2016-05-05,106.72,106.31,105.61,105.61,19954.0,2148447.0
2016-05-06,106.68,106.57,105.24,106.06,14108.0,1313862.0
2016-05-09,107.16,106.65,106.235,106.63,13365.0,1169540.0
2016-05-10,107.24,107.18,106.5501,106.87,12403.0,1156218.0
2016-05-11,107.13,105.73,105.7,106.93,11974.0,1025755.0
2016-05-12,106.78,106.56,105.59,106.26,13081.0,1185157.0
2016-05-13,106.6,105.7,105.37,106.34,12549.0,1272239.0
2016-05-16,106.72,106.48,105.7,105.75,16175.0,1620907.0
2016-05-17,106.65,105.36,104.82,106.65,13231.0,1213711.0
2016-05-18,105.44,104.55,103.41,105.18,18811.0,1691045.0
2016-05-19,104.09,103.77,103.11,103.5,12396.0,1146704.0
2016-05-20,104.43,104.01,103.6301,104.28,14762.0,1632898.0
2016-05-23,104.44,104.16,103.63,104.28,11535.0,1069179.0
2016-05-24,105.35,105.3,104.2,104.45,19020.0,2152995.0
2016-05-25,106.47,106.17,105.52,106.0,14866.0,1311783.0
2016-05-26,106.24,105.3,104.91,106.03,15836.0,1544685.0
2016-05-27,106.54,106.06,105.36,105.44,11361.0,1134727.0
2016-05-31,106.3,105.78,105.25,105.96,14646.0,2166227.0
2016-06-01,105.85,105.47,104.87,105.46,14010.0,1133682.0
2016-06-02,106.57,106.56,104.93,105.35,11882.0,1338643.0
2016-06-03,107.29,106.97,106.41,106.96,15180.0,1438262.0
2016-06-06,107.66,107.2,106.6605,107.11,13310.0,1164508.0
2016-06-07,108.27,107.87,106.939,107.27,11732.0,1299737.0
2016-06-08,108.31,107.56,107.23,107.84,12401.0,1225741.0
2016-06-09,109.1,109.07,107.1,107.4,18856.0,2009633.0
2016-06-10,109.38,108.79,108.03,108.43,21193.0,2050801.0
2016-06-13,109.8,108.93,108.55,108.77,22182.0,2493211.0
2016-06-14,108.85,107.61,107.21,108.52,14917.0,1552029.0
2016-06-15,107.76,107.23,106.86,107.25,13338.0,1342749.0
2016-06-16,107.75,107.69,106.64,106.98,14197.0,1460414.0
2016-06-17,107.71,106.94,106.5,107.6,14551.0,2267249.0
2016-06-20,108.555,107.42,107.365,107.84,19057.0,2327521.0
2016-06-21,109.79,109.44,107.638,107.91,20817.0,2071324.0
2016-06-22,109.82,109.4,108.63,109.39,12648.0,1247321.0
2016-06-23,111.47,111.47,109.53,110.0,20416.0,1842700.0
2016-06-24,110.27,108.27,107.68,108.18,36183.0,3365822.0
2016-06-27,108.92,108.89,106.64,107.64,30287.0,2695051.0
2016-06-28,110.84,110.8,109.19,109.82,19762.0,1805488.0
2016-06-29,113.13,113.0,111.11,111.65,22893.0,2442744.0
2016-06-30,113.63,113.61,111.7401,113.22,25805.0,3217135.0
2016-07-01,114.5,113.6,113.45,113.94,15088.0,1551296.0
2016-07-05,114.23,113.83,113.47,113.62,17967.0,2322417.0
2016-07-06,113.5199,112.4,111.62,113.48,22565.0,2411598.0
2016-07-07,113.48,112.2,111.67,112.46,20425.0,1994051.0
2016-07-08,113.75,113.66,112.33,113.18,18159.0,1927228.0
2016-07-11,114.7899,114.67,112.735,113.66,20756.0,2073295.0
2016-07-12,116.12,116.1,114.26,114.6,29377.0,3196298.0
2016-07-13,116.7,116.01,115.58,116.4,21527.0,2194419.0
2016-07-14,117.1599,117.0,115.64,115.99,22173.0,2344478.0
2016-07-15,117.54,116.82,115.95,117.54,16582.0,1712749.0
2016-07-18,117.5,116.3,116.25,116.79,14980.0,1485780.0
2016-07-19,117.38,117.37,116.13,116.3,14239.0,1388625.0
2016-07-20,117.84,117.73,117.1,117.36,15056.0,1627386.0
2016-07-21,117.92,117.55,116.978,117.65,12851.0,1318267.0
2016-07-22,118.26,117.84,117.33,117.66,15663.0,1511223.0
2016-07-25,118.11,116.87,116.176,117.9,13793.0,1467200.0
2016-07-26,117.22,116.97,116.49,116.94,14144.0,1571627.0
2016-07-27,117.75,117.61,116.19,116.99,18778.0,1961676.0
2016-07-28,117.9,116.65,115.85,117.33,19190.0,2175990.0
2016-07-29,116.451,115.77,115.56,116.26,16920.0,2296817.0
2016-08-01,117.05,117.04,115.83,115.87,16096.0,1875474.0
2016-08-02,116.87,116.74,115.92,116.47,17705.0,2037258.0
2016-08-03,117.23,115.73,115.28,116.76,19501.0,2011760.0
2016-08-04,117.0,116.42,115.71,115.99,13356.0,1773786.0
2016-08-05,117.25,116.58,116.04,116.57,14645.0,2224126.0
2016-08-08,116.8,115.73,115.575,116.54,14113.0,1549011.0
2016-08-09,116.14,115.92,115.47,115.78,13251.0,1312306.0
2016-08-10,116.33,116.24,115.84,116.33,11048.0,1001107.0
2016-08-11,116.67,115.89,115.6,116.22,10639.0,1070836.0
2016-08-12,116.94,116.5,115.69,115.92,9709.0,933701.0
2016-08-15,117.11,115.79,115.76,116.62,9638.0,879431.0
2016-08-16,115.53,114.12,113.87,115.2,17976.0,1813163.0
2016-08-17,114.67,114.56,113.05,114.41,15550.0,1448238.0
2016-08-18,114.92,114.35,113.75,114.52,11458.0,1098164.0
2016-08-19,114.57,113.61,113.25,114.18,16550.0,3096721.0
2016-08-22,114.885,114.62,113.08,113.64,12676.0,1434246.0
2016-08-23,116.36,115.22,115.02,115.21,19097.0,1924725.0
2016-08-24,115.4808,114.57,114.35,115.23,13170.0,1360859.0
2016-08-25,115.035,114.25,114.1,114.61,12210.0,1207954.0
2016-08-26,115.0,113.23,112.29,114.44,17533.0,1665700.0
2016-08-29,114.18,113.84,113.59,113.74,14601.0,1229471.0
2016-08-30,114.0,113.22,112.67,113.9,15118.0,1458918.0
2016-08-31,113.86,113.38,112.73,113.14,19408.0,2493123.0
2016-09-01,113.85,113.82,112.84,113.7,14769.0,1157694.0
2016-09-02,115.53,115.09,114.24,114.33,16508.0,1747306.0
2016-09-06,117.31,117.15,115.21,115.6,24446.0,2391113.0
2016-09-07,117.15,116.83,116.35,116.84,14319.0,1415872.0
2016-09-08,116.78,116.25,116.23,116.31,14195.0,3568660.0
2016-09-09,115.69,110.19,110.19,115.3,29543.0,2960740.0
2016-09-12,111.83,111.27,109.0,109.45,26600.0,2629052.0
2016-09-13,110.95,108.11,107.91,110.88,25161.0,2443977.0
2016-09-14,109.43,108.37,107.76,108.53,18482.0,1915428.0
2016-09-15,109.37,109.08,108.01,108.52,14427.0,1571074.0
2016-09-16,108.59,108.0,107.57,108.46,16706.0,2797089.0
2016-09-19,109.389,109.2,108.33,108.6,15138.0,1509790.0
2016-09-20,110.29,108.65,108.61,110.09,13381.0,1396803.0
2016-09-21,110.35,110.1,108.02,108.62,13623.0,1472195.0
2016-09-22,112.43,112.28,110.94,111.22,20897.0,2059445.0
2016-09-23,113.4,112.99,111.5,112.15,21918.0,2459804.0
2016-09-26,113.07,112.69,111.705,112.5,13373.0,1557191.0
2016-09-27,113.22,112.58,112.225,113.22,13042.0,1428039.0
2016-09-28,112.77,112.63,111.64,112.4,13299.0,1483736.0
2016-09-29,113.74,113.48,111.53,112.25,22596.0,2444367.0
2016-09-30,114.89,113.33,113.3,113.79,25179.0,2807008.0
2016-10-03,113.2325,112.25,111.75,112.9,24387.0,2571461.0
2016-10-04,112.25,110.61,110.18,112.25,23089.0,2572437.0
2016-10-05,110.86,107.44,107.25,110.64,31457.0,3795817.0
2016-10-06,108.75,108.51,106.04,107.15,24983.0,2907490.0
2016-10-07,109.59,108.51,107.81,108.71,16698.0,2295917.0
2016-10-10,109.64,109.43,108.51,108.55,10684.0,1231106.0
2016-10-11,109.48,108.94,108.24,109.17,13365.0,1483201.0
2016-10-12,112.11,111.54,108.77,108.77,19701.0,2420744.0
2016-10-13,112.76,112.7,110.87,111.31,20049.0,2329876.0
2016-10-14,114.59,113.35,112.71,112.97,16780.0,2254770.0
2016-10-17,113.81,113.34,112.88,112.99,14191.0,1750724.0
2016-10-18,114.74,114.15,113.35,114.35,10806.0,1085558.0
2016-10-19,115.33,115.32,113.93,114.43,14219.0,1577426.0
2016-10-20,115.37,114.83,113.72,115.06,14903.0,1691937.0
2016-10-21,115.79,115.71,113.6,114.0,16159.0,1928226.0
2016-10-24,118.09,116.75,116.13,116.13,18100.0,1999553.0
2016-10-25,117.15,116.75,116.09,116.4,14371.0,1548613.0
2016-10-26,116.26,115.67,115.47,116.15,20825.0,2459659.0
2016-10-27,117.43,115.4,115.24,116.73,27797.0,3291766.0
2016-10-28,117.07,116.13,115.31,116.04,23057.0,2781120.0
2016-10-31,117.392,117.19,116.21,116.95,16757.0,1953514.0
2016-11-01,117.46,115.15,114.57,117.19,24025.0,2566600.0
2016-11-02,115.02,112.91,112.23,114.73,30242.0,3754793.0
2016-11-03,113.74,113.27,112.02,113.16,19720.0,2163243.0
2016-11-04,113.62,112.98,112.96,113.59,22079.0,2492414.0
2016-11-07,115.32,115.19,114.11,114.6,15131.0,1738171.0
2016-11-08,116.155,115.93,115.2,115.5,16470.0,1757208.0
2016-11-09,114.31,109.22,108.56,113.08,52655.0,6318647.0
2016-11-10,109.52,105.71,103.18,109.52,62062.0,8722296.0
2016-11-11,106.93,105.71,104.12,105.51,33578.0,4281823.0
2016-11-14,105.43,102.57,100.41,105.17,57179.0,7476101.0
2016-11-15,105.66,103.49,103.01,103.1,29775.0,3461284.0
2016-11-16,105.68,105.43,103.06,103.5,23994.0,2947386.0
2016-11-17,107.19,105.54,104.77,105.32,27411.0,3234803.0
2016-11-18,106.43,105.09,103.97,105.74,23185.0,2794273.0
2016-11-21,107.1,105.91,105.72,106.37,26619.0,2945946.0
2016-11-22,108.17,107.98,105.43,106.35,21722.0,2500906.0
2016-11-23,107.75,106.78,106.64,107.24,16490.0,2294050.0
2016-11-25,107.89,107.3,106.68,106.76,6646.0,717647.0
2016-11-28,108.035,106.11,105.95,107.19,20867.0,2497098.0
2016-11-29,107.28,106.05,105.61,106.33,19577.0,2000749.0
2016-11-30,106.4399,102.27,102.19,106.31,33758.0,5864902.0
2016-12-01,101.95,100.98,99.72,101.36,32397.0,5000600.0
2016-12-02,103.11,102.57,101.26,101.51,26811.0,3180981.0
2016-12-05,102.55,102.04,101.22,102.34,23984.0,2770402.0
2016-12-06,103.16,100.85,100.79,103.12,25642.0,3083440.0
2016-12-07,102.41,102.2,100.88,101.5,34887.0,4570468.0
2016-12-08,103.86,102.39,101.77,102.19,26141.0,3474385.0
2016-12-09,103.13,102.91,102.425,102.47,21443.0,3303978.0
2016-12-12,104.85,103.89,102.65,102.68,26436.0,3502687.0
2016-12-13,106.62,106.13,104.46,104.67,22703.0,3090997.0
2016-12-14,108.17,106.5,105.62,106.42,36226.0,4456363.0
2016-12-15,106.77,106.06,105.625,105.94,23533.0,2452272.0
2016-12-16,106.78,105.8,105.59,106.33,17300.0,2915038.0
2016-12-19,107.17,106.95,105.79,106.47,14902.0,1480325.0
2016-12-20,107.8699,106.98,106.56,107.09,12717.0,1672220.0
2016-12-21,107.75,106.6,106.54,106.98,12444.0,1330086.0
2016-12-22,106.61,106.6,105.3,106.33,10346.0,1069873.0
2016-12-23,106.88,106.03,105.6,106.22,8277.0,962916.0
2016-12-27,106.82,106.29,106.02,106.26,9910.0,974277.0
2016-12-28,106.6,105.84,105.71,106.5,12441.0,1118357.0
2016-12-29,106.77,106.39,105.75,105.91,13203.0,1589070.0
2016-12-30,106.69,105.68,105.41,106.46,13200.0,1635489.0
2017-01-03,106.88,106.15,105.34,106.73,19679.0,2240889.0
2017-01-04,106.94,106.34,106.2,106.41,16792.0,1720738.0
2017-01-05,106.43,105.97,105.39,106.0,19873.0,1919858.0
2017-01-06,106.3,105.27,105.18,105.93,19095.0,1995330.0
2017-01-09,105.82,105.02,104.95,105.5,19727.0,2278903.0
2017-01-10,105.25,103.5,103.17,105.24,19764.0,2267499.0
2017-01-11,104.17,103.83,102.51,103.48,21933.0,2631657.0
2017-01-12,104.26,104.2,103.12,103.69,14857.0,1568999.0
2017-01-13,104.76,103.45,102.87,104.22,18694.0,2058945.0
2017-01-17,105.19,105.17,103.41,103.58,18635.0,2055532.0
2017-01-18,106.42,105.67,105.04,105.26,16082.0,2078068.0
2017-01-19,105.67,104.44,103.86,105.67,15336.0,1747560.0
2017-01-20,105.42,104.2,103.97,104.84,20470.0,2598837.0
2017-01-23,105.1905,104.78,104.26,104.5,18816.0,2222974.0
2017-01-24,104.97,104.57,104.03,104.97,16665.0,1823692.0
2017-01-25,104.8874,103.92,103.6923,104.82,15938.0,2053904.0
2017-01-26,105.14,104.3,103.75,104.14,13432.0,1272655.0
2017-01-27,104.78,103.82,103.66,104.41,10658.0,1207073.0
2017-01-30,104.05,103.01,102.73,104.05,13286.0,1509887.0
2017-01-31,104.0,103.5,103.16,103.54,12907.0,1376282.0
2017-02-01,103.84,103.28,103.02,103.6,16680.0,1906666.0
2017-02-02,104.32,104.11,103.07,103.28,13830.0,1322576.0
2017-02-03,105.65,105.25,104.76,104.83,24068.0,2988629.0
2017-02-06,105.4,103.64,103.07,105.06,18735.0,2141176.0
2017-02-07,103.93,103.47,102.91,103.66,12047.0,1344118.0
2017-02-08,104.43,104.3,103.36,103.57,13051.0,1301940.0
2017-02-09,106.0,105.78,103.47,104.2,17731.0,2525125.0
2017-02-10,105.76,105.49,104.73,105.5,12151.0,1228140.0
2017-02-13,107.68,107.55,105.6,105.69,19580.0,1975548.0
2017-02-14,107.64,106.78,105.82,107.64,16608.0,1580607.0
2017-02-15,107.37,107.11,106.01,107.09,12953.0,1362491.0
2017-02-16,107.97,107.71,106.85,106.95,15350.0,1322261.0
2017-02-17,109.8,108.11,107.66,107.89,29922.0,4991446.0
2017-02-21,111.22,111.18,108.02,108.11,28074.0,3012621.0
2017-02-22,111.83,111.02,110.6,111.36,24045.0,2207404.0
2017-02-23,112.25,112.2,111.14,111.17,16556.0,2233348.0
2017-02-24,113.21,112.89,111.77,112.07,21725.0,2589383.0
2017-02-27,114.86,113.34,112.79,114.01,20244.0,2895479.0
2017-02-28,115.69,114.79,113.09,113.14,24042.0,3001202.0
2017-03-01,114.87,113.84,113.08,114.78,26650.0,2799124.0
2017-03-02,115.24,114.81,112.96,113.81,24652.0,2592600.0
2017-03-03,115.76,115.67,114.35,114.58,14711.0,1395693.0
2017-03-06,115.53,114.71,114.28,115.38,16653.0,1809837.0
2017-03-07,115.24,114.7,113.93,114.33,20312.0,2404382.0
2017-03-08,114.7,113.24,113.17,114.05,15972.0,2010446.0
2017-03-09,113.7,113.0,112.78,113.42,17509.0,2015376.0
2017-03-10,114.2,113.58,113.11,113.74,14844.0,1509500.0
2017-03-13,114.52,114.26,113.21,113.7,14462.0,1597234.0
2017-03-14,114.73,114.02,113.66,113.9,13549.0,1416065.0
2017-03-15,116.05,115.28,113.95,114.13,18749.0,2112442.0
2017-03-16,115.99,115.09,114.77,115.72,16600.0,1814189.0
2017-03-17,116.28,116.01,115.07,115.36,15489.0,3237500.0
2017-03-20,116.86,115.98,115.74,116.03,17958.0,2033363.0
2017-03-21,118.5399,116.74,116.32,116.55,23062.0,2853972.0
2017-03-22,118.6,118.31,116.79,117.53,25396.0,2850991.0
2017-03-23,119.5,118.95,118.07,118.43,22209.0,2624444.0
2017-03-24,119.76,119.32,118.88,119.19,22153.0,2475845.0
2017-03-27,120.25,120.01,118.55,118.72,22404.0,3023516.0
2017-03-28,120.72,120.39,119.52,119.84,21824.0,2259222.0
2017-03-29,121.33,121.04,120.16,120.19,21372.0,2265954.0
2017-03-30,121.09,120.91,120.17,120.78,17437.0,1795320.0
2017-03-31,121.85,121.54,120.47,120.64,23574.0,2714218.0
2017-04-03,121.9,121.15,120.45,121.43,21022.0,2071813.0
2017-04-04,121.59,120.74,120.51,120.91,18103.0,1710240.0
2017-04-05,121.74,120.64,120.57,120.87,18541.0,2020821.0
2017-04-06,122.08,121.95,120.44,120.72,17543.0,1859281.0
2017-04-07,122.69,122.12,121.69,121.97,16803.0,1974567.0
2017-04-10,122.6201,122.48,121.57,121.97,16078.0,2030622.0
2017-04-11,124.4,122.76,122.42,123.05,23076.0,2465194.0
2017-04-12,122.95,122.37,122.09,122.43,19492.0,2435505.0
2017-04-13,123.31,122.6,122.25,122.75,18474.0,1902301.0
2017-04-17,124.29,124.25,123.0,123.07,18996.0,1873566.0
2017-04-18,125.09,124.86,123.82,124.05,21187.0,2440160.0
2017-04-19,125.42,124.67,124.36,125.16,17885.0,2331555.0
2017-04-20,124.93,124.3,123.98,124.71,23537.0,3566206.0
2017-04-21,124.54,124.43,123.58,124.22,14944.0,1623033.0
2017-04-24,125.375,123.85,123.67,124.92,18919.0,2255958.0
2017-04-25,124.81,123.94,123.725,124.78,19309.0,2242646.0
2017-04-26,123.95,122.81,122.73,123.45,20951.0,2142588.0
2017-04-27,126.36,125.77,122.77,123.08,31385.0,4901512.0
2017-04-28,126.19,125.94,124.881,125.46,20595.0,2850310.0
2017-05-01,127.99,127.51,125.9,126.56,25167.0,3284244.0
2017-05-02,128.61,127.91,127.54,127.73,23075.0,2622870.0
2017-05-03,128.61,126.79,126.74,128.61,17564.0,1775831.0
2017-05-04,127.84,127.39,126.01,126.71,15481.0,1664426.0
2017-05-05,128.84,128.69,127.14,127.64,16434.0,1638537.0
2017-05-08,129.16,128.87,127.81,129.0,15210.0,1347225.0
2017-05-09,129.01,128.09,127.88,128.88,14197.0,1480170.0
2017-05-10,128.15,127.1,126.94,128.0,15055.0,1525252.0
2017-05-11,127.35,126.28,125.96,127.35,18224.0,1789684.0
2017-05-12,126.64,126.12,125.9,126.3,17976.0,1585256.0
2017-05-15,128.27,127.93,125.9001,126.03,18366.0,1605512.0
2017-05-16,128.9,128.37,127.31,127.99,12796.0,1262359.0
2017-05-17,132.09,130.74,128.14,128.14,30853.0,3462008.0
2017-05-18,130.05,127.98,125.5,130.0,30105.0,4041790.0
2017-05-19,132.86,128.32,127.59,128.11,22073.0,2726019.0
2017-05-22,129.09,128.73,126.71,128.29,14962.0,1449115.0
2017-05-23,129.19,128.73,128.62,128.86,12898.0,1331329.0
2017-05-24,129.72,129.3,128.66,128.66,12816.0,1498358.0
2017-05-25,132.01,131.05,129.0,129.57,15229.0,1457321.0
2017-05-26,131.44,131.11,130.49,131.19,10025.0,899239.0
2017-05-30,137.12,132.12,130.8,131.01,16596.0,2070872.0
2017-05-31,133.66,131.19,131.13,132.48,17727.0,2548875.0
2017-06-01,131.97,131.83,131.0,131.95,14124.0,1221915.0
2017-06-02,133.1,132.49,131.79,132.43,12699.0,1368069.0
2017-06-05,132.64,131.61,131.16,132.34,15927.0,1508055.0
2017-06-06,132.52,131.7,131.24,131.73,14291.0,1884096.0
2017-06-07,132.08,131.82,130.1,131.77,16001.0,1679786.0
2017-06-08,132.185,130.97,129.38,132.12,19316.0,1995680.0
2017-06-09,131.71,130.28,129.8089,130.43,15427.0,1607233.0
2017-06-12,129.94,129.18,125.24,128.97,18656.0,2057906.0
2017-06-13,130.28,130.19,128.93,129.25,13806.0,1311809.0
2017-06-14,131.96,130.5,130.167,131.34,14947.0,1274668.0
2017-06-15,131.56,130.87,129.16,129.52,13744.0,1247371.0
2017-06-16,132.25,131.95,130.56,131.14,11928.0,1823773.0
2017-06-19,132.98,132.33,131.63,132.29,13348.0,1445895.0
2017-06-20,132.68,131.2,130.5,132.18,13418.0,1360863.0
2017-06-21,131.445,130.61,130.32,131.19,12809.0,1641921.0
2017-06-22,131.54,130.87,130.65,131.0,11529.0,1273687.0
2017-06-23,131.93,131.88,130.58,130.98,10688.0,1693954.0
2017-06-26,132.52,132.46,131.1,132.2,11511.0,1286119.0
2017-06-27,136.055,135.75,133.99,134.6,31420.0,4168813.0
2017-06-28,136.29,134.53,134.27,135.65,20456.0,2121636.0
2017-06-29,133.33,132.82,131.82,133.33,19549.0,1998731.0
2017-06-30,133.67,132.32,132.18,132.93,19710.0,2480269.0
2017-07-03,133.17,131.41,130.82,132.62,12261.0,1252798.0
2017-07-05,132.51,132.25,131.05,131.27,17096.0,1707672.0
2017-07-06,132.13,131.54,131.0,131.56,12145.0,1249176.0
2017-07-07,133.7996,133.14,131.37,132.08,13281.0,1254168.0
2017-07-10,133.66,131.21,131.2,133.64,12307.0,1272078.0
2017-07-11,131.82,130.93,130.91,131.18,10881.0,1112646.0
2017-07-12,134.25,133.88,131.46,131.8,12701.0,1135419.0
2017-07-13,134.49,134.14,133.56,133.88,10543.0,955545.0
2017-07-14,136.33,136.04,134.88,134.93,11675.0,1202366.0
2017-07-17,136.399,135.4,134.74,136.07,15238.0,1458882.0
2017-07-18,138.0,136.18,135.075,135.32,20624.0,2272442.0
2017-07-19,136.67,135.42,134.33,135.6,24104.0,2757954.0
2017-07-20,137.45,136.24,135.67,135.68,21937.0,2082084.0
2017-07-21,137.07,136.9,135.62,135.99,15640.0,1542668.0
2017-07-24,137.98,137.07,136.1002,136.97,13755.0,1367498.0
2017-07-25,137.73,136.62,136.035,137.72,12284.0,1205338.0
2017-07-26,137.99,137.87,136.28,136.32,14918.0,1337965.0
2017-07-27,139.5,134.86,134.0,139.12,21384.0,2933553.0
2017-07-28,138.79,138.34,134.81,135.17,19123.0,1972640.0
2017-07-31,139.13,136.33,135.75,138.67,20220.0,2386690.0
2017-08-01,136.42,135.97,135.51,136.23,22642.0,2374966.0
2017-08-02,138.14,137.97,135.63,136.08,22631.0,2409047.0
2017-08-03,138.18,137.15,136.84,138.06,14717.0,1661887.0
2017-08-04,138.01,137.57,137.15,137.5,11534.0,927911.0
2017-08-07,138.16,138.07,136.9511,137.38,10990.0,976609.0
2017-08-08,137.56,136.63,136.17,137.49,11622.0,1333491.0
2017-08-09,138.39,137.85,136.33,136.37,14782.0,1319251.0
2017-08-10,138.11,136.83,136.81,137.3,12486.0,1032688.0
2017-08-11,137.77,136.68,136.29,137.19,10913.0,870814.0
2017-08-14,140.02,139.97,137.4,137.4,15723.0,1648458.0
2017-08-15,140.16,139.69,138.921,139.66,13779.0,1386099.0
2017-08-16,141.13,141.09,139.68,140.0,13811.0,1334558.0
2017-08-17,141.51,139.65,139.65,141.03,10190.0,956338.0
2017-08-18,140.38,140.0,138.7201,139.44,11922.0,1114278.0
2017-08-21,141.46,141.28,140.125,140.19,13919.0,1545942.0
2017-08-22,142.26,142.09,140.95,141.28,11030.0,1030346.0
2017-08-23,143.11,142.84,141.71,141.99,9041.0,921582.0
2017-08-24,144.26,143.8,142.51,143.05,15431.0,1578994.0
2017-08-25,146.09,144.24,143.98,144.72,14738.0,1253977.0
2017-08-28,146.12,145.78,144.29,144.29,16185.0,1577274.0
2017-08-29,146.63,145.89,144.89,145.09,11890.0,1178480.0
2017-08-30,147.64,147.52,145.3166,145.65,17512.0,1753040.0
2017-08-31,148.71,148.05,146.88,147.38,19109.0,2293248.0
2017-09-01,148.33,145.77,145.23,148.33,20268.0,1766073.0
2017-09-05,147.15,146.94,145.67,145.97,14987.0,1647240.0
2017-09-06,147.3087,146.07,146.07,147.0,11707.0,1380669.0
2017-09-07,147.03,146.99,146.02,146.31,18327.0,1757397.0
2017-09-08,146.8,144.99,144.44,146.8,21592.0,2240630.0
2017-09-11,146.85,146.18,144.62,146.42,21995.0,2202033.0
2017-09-12,146.295,144.83,143.85,146.14,20930.0,2058798.0
2017-09-13,145.035,143.7,143.39,144.93,21590.0,2087636.0
2017-09-14,143.1,142.85,141.41,142.82,26676.0,2778967.0
2017-09-15,145.14,145.01,142.87,143.06,19843.0,3210562.0
2017-09-18,146.23,144.77,144.53,145.02,14719.0,1531283.0
2017-09-19,145.58,140.98,138.78,144.78,41249.0,5507598.0
2017-09-20,141.62,140.4,139.47,141.16,25218.0,2876833.0
2017-09-21,140.88,139.4,139.4,140.53,17288.0,1958422.0
2017-09-22,139.18,137.78,137.17,138.21,25567.0,3140681.0
2017-09-25,138.37,137.39,137.07,137.81,19296.0,1936226.0
2017-09-26,137.95,136.42,134.11,137.4,23681.0,2752279.0
2017-09-27,136.39,134.74,134.51,136.02,24301.0,2646577.0
2017-09-28,136.14,136.1,133.74,134.29,21877.0,1988566.0
2017-09-29,137.18,136.68,135.6058,135.72,16096.0,1705810.0
2017-10-02,137.65,135.86,135.66,137.03,19216.0,1513396.0
2017-10-03,137.2,136.66,135.86,136.0,18934.0,1886290.0
2017-10-04,139.65,138.84,136.69,136.9,19832.0,1827045.0
2017-10-05,139.93,139.25,139.0,139.12,20364.0,1965858.0
2017-10-06,139.13,139.11,137.3801,138.51,13984.0,1377189.0
2017-10-09,139.11,137.94,137.52,139.0,18602.0,2116159.0
2017-10-10,138.45,137.09,136.87,138.16,21329.0,2174380.0
2017-10-11,138.99,137.93,137.02,137.02,18511.0,2003833.0
2017-10-12,140.33,140.03,137.38,137.99,17328.0,1657947.0
2017-10-13,140.91,139.97,139.27,140.75,15663.0,1815697.0
2017-10-16,140.68,139.59,138.8,139.71,18704.0,1590185.0
2017-10-17,140.34,139.13,138.0708,139.65,14832.0,1393115.0
2017-10-18,139.14,137.48,137.41,138.95,17253.0,1695804.0
2017-10-19,139.0,138.39,137.05,137.42,19393.0,2090614.0
2017-10-20,140.23,139.07,138.2,138.78,15020.0,1861514.0
2017-10-23,139.2476,138.75,137.74,138.63,12645.0,1556942.0
2017-10-24,139.07,138.03,137.21,139.0,15881.0,1875276.0
2017-10-25,138.13,137.33,136.6,137.67,13930.0,1209868.0
2017-10-26,139.24,138.45,137.41,138.06,15605.0,1692740.0
2017-10-27,140.14,139.03,138.15,139.29,13509.0,1556173.0
2017-10-30,144.8,142.87,138.41,138.76,40332.0,5117861.0
2017-10-31,144.33,143.67,138.3,139.92,27285.0,2999176.0
2017-11-01,144.66,140.81,140.39,144.25,24434.0,2819702.0
2017-11-02,142.96,142.44,140.52,140.65,14565.0,1367581.0
2017-11-03,142.41,142.1,140.23,141.83,15887.0,1577293.0
2017-11-06,150.96,150.16,144.96,145.04,36402.0,3937144.0
2017-11-07,150.7862,150.66,146.83,149.99,27233.0,2504645.0
2017-11-08,155.28,152.72,150.15,150.3,21104.0,2334794.0
2017-11-09,153.0075,151.82,150.56,151.8,20552.0,1892053.0
2017-11-10,151.8,150.54,148.46,151.33,15370.0,1537162.0
2017-11-13,152.8,150.04,148.62,151.27,25473.0,2453057.0
2017-11-14,150.97,149.49,148.34,150.05,19491.0,1854935.0
2017-11-15,149.84,148.93,146.8,149.55,17856.0,1631512.0
2017-11-16,150.17,148.4,147.83,149.89,20272.0,2014041.0
2017-11-17,148.85,145.87,145.57,147.97,20609.0,2055046.0
2017-11-20,147.19,146.22,145.63,146.35,14774.0,1703972.0
2017-11-21,147.3,146.59,145.64,146.38,17800.0,1925536.0
2017-11-22,146.87,145.31,145.0,146.38,15039.0,1694710.0
2017-11-24,147.66,147.3,145.42,145.76,7980.0,887597.0
2017-11-27,149.31,148.23,147.51,147.51,13615.0,1489007.0
2017-11-28,149.48,148.64,147.16,148.58,19895.0,2373053.0
2017-11-29,148.79,146.3,145.71,148.47,21508.0,2197388.0
2017-11-30,147.0899,143.93,142.53,146.72,33738.0,4200385.0
2017-12-01,145.15,143.61,141.67,144.22,22664.0,2009529.0
2017-12-04,144.3942,138.97,138.96,143.72,22676.0,2238554.0
2017-12-05,141.325,140.76,138.58,138.64,17958.0,1734135.0
2017-12-06,142.33,141.8,140.14,140.42,12739.0,1113660.0
2017-12-07,144.54,144.11,141.5,142.75,19096.0,2174525.0
2017-12-08,144.92,142.47,142.27,144.5,16533.0,1698474.0
2017-12-11,144.51,144.05,141.46,142.18,16483.0,2274658.0
2017-12-12,145.6,143.51,143.17,144.16,17107.0,1859261.0
2017-12-13,145.59,143.73,143.48,143.48,17336.0,1726385.0
2017-12-14,145.01,143.64,143.58,143.74,19744.0,2114776.0
2017-12-15,144.78,142.76,141.94,143.79,17309.0,3648628.0
2017-12-18,143.65,142.84,142.01,143.65,19063.0,2027561.0
2017-12-19,143.95,141.86,141.75,143.01,20007.0,2284686.0
2017-12-20,142.265,140.19,140.02,142.0,22131.0,2577242.0
2017-12-21,141.21,139.61,139.41,140.25,19043.0,2579965.0
2017-12-22,141.09,140.66,138.52,140.2,23324.0,3069074.0
2017-12-26,141.77,140.91,139.93,140.21,9505.0,824471.0
2017-12-27,142.25,141.56,140.34,140.61,13016.0,1014451.0
2017-12-28,143.325,142.91,141.55,141.65,15628.0,1784800.0
2017-12-29,143.51,142.67,142.5,143.16,10156.0,1129500.0
2018-01-02,143.22,141.13,140.91,143.16,17945.0,1881211.0
2018-01-03,142.5,141.68,140.86,141.05,17924.0,1770593.0
2018-01-04,141.96,139.61,139.58,141.44,16230.0,1729564.0
2018-01-05,140.7,140.51,139.59,140.23,16751.0,2119359.0
2018-01-08,143.24,142.01,140.66,140.66,18852.0,1882127.0
2018-01-09,142.25,141.05,140.86,142.1,16385.0,1581550.0
2018-01-10,140.6,137.61,136.03,140.41,31598.0,3330524.0
2018-01-11,138.01,134.97,134.51,138.0,28209.0,3244102.0
2018-01-12,135.5,133.0,132.54,135.39,26610.0,3197282.0
2018-01-16,137.9999,135.63,133.24,133.24,27406.0,3193909.0
2018-01-17,137.1599,136.64,135.55,136.12,17601.0,1999706.0
2018-01-18,136.67,135.19,134.72,136.58,26402.0,3416403.0
2018-01-19,137.68,137.62,134.75,135.9,22526.0,3284691.0
2018-01-22,139.24,139.24,137.41,137.69,17182.0,1826817.0
2018-01-23,141.44,141.2,139.2,139.51,25823.0,2923425.0
2018-01-24,142.6799,141.76,141.01,141.1,22264.0,3061531.0
2018-01-25,143.06,142.96,141.5,142.46,21318.0,2409540.0
2018-01-26,145.135,145.13,142.8355,143.14,18384.0,2107947.0
2018-01-29,145.99,144.33,143.68,144.9,26856.0,3901721.0
2018-01-30,145.66,145.15,142.8352,143.88,22690.0,2440014.0
2018-01-31,148.84,147.7,145.24,145.41,27061.0,3184697.0
2018-02-01,149.36,147.06,146.54,148.02,22996.0,2351036.0
2018-02-02,146.74,145.22,144.23,146.44,24435.0,2474550.0
2018-02-05,146.29,142.04,141.77,144.14,31645.0,3000876.0
2018-02-06,142.17,140.17,137.63,140.28,37313.0,3817038.0
2018-02-07,142.33,140.0,139.24,139.85,23790.0,2245859.0
2018-02-08,140.93,133.57,133.46,139.88,33658.0,3890078.0
2018-02-09,136.93,136.05,130.37,134.35,41319.0,3977336.0
2018-02-12,137.23,136.23,133.83,136.99,33101.0,3820973.0
2018-02-13,136.92,136.31,134.86,136.03,31365.0,3710257.0
2018-02-14,135.9,135.48,132.62,135.03,42227.0,4829308.0
2018-02-15,136.93,136.22,133.045,135.56,31112.0,3223301.0
2018-02-16,141.05,140.02,135.8,135.86,28942.0,3024737.0
2018-02-20,140.7,139.24,138.67,139.16,22386.0,2220485.0
2018-02-21,140.25,137.44,137.34,139.43,26346.0,2812090.0
2018-02-22,140.48,138.98,137.23,137.96,23540.0,3075900.0
2018-02-23,141.87,141.87,138.87,139.6,17356.0,1925002.0
2018-02-26,142.95,142.74,142.08,142.14,22116.0,2214061.0
2018-02-27,142.99,140.7,135.81,142.72,42867.0,4572523.0
2018-02-28,141.62,139.33,139.31,141.31,29177.0,4015611.0
2018-03-01,139.62,135.37,134.91,139.0,32823.0,3177951.0
2018-03-02,134.75,134.0,132.02,134.63,28970.0,3224579.0
2018-03-05,137.24,136.81,133.27,133.27,24217.0,2486090.0
2018-03-06,140.43,138.88,136.21,136.73,33929.0,3144476.0
2018-03-07,140.84,140.0,137.63,137.99,24380.0,2749973.0
2018-03-08,142.87,142.74,140.11,140.51,22651.0,3025499.0
2018-03-09,144.325,143.58,142.53,142.67,20830.0,2172253.0
2018-03-12,145.7,145.08,143.31,143.31,24971.0,2443005.0
2018-03-13,150.12,146.25,145.32,145.32,20742.0,2159068.0
2018-03-14,147.32,146.46,145.59,146.5,20835.0,2467355.0
2018-03-15,147.425,146.65,145.91,146.98,21311.0,2142766.0
2018-03-16,147.1999,146.55,145.37,146.37,16525.0,4063123.0
2018-03-19,146.62,145.12,144.02,146.26,16921.0,2581653.0
2018-03-20,147.68,146.31,145.38,145.38,22403.0,2491059.0
2018-03-21,146.81,142.33,142.18,146.81,23634.0,2422311.0
2018-03-22,145.1915,143.01,141.28,141.87,24216.0,2454067.0
2018-03-23,144.84,142.27,141.91,142.98,22149.0,2228627.0
2018-03-26,145.51,145.21,142.61,144.23,21938.0,2172577.0
2018-03-27,147.15,144.46,142.97,145.14,28805.0,3043186.0
2018-03-28,146.205,144.3,144.06,144.31,24177.0,2423063.0
2018-03-29,145.82,145.34,143.61,144.8,23771.0,2978285.0
2018-04-02,146.99,143.83,142.785,145.73,29281.0,2705360.0
2018-04-03,144.87,141.42,140.39,144.09,27579.0,3442378.0
2018-04-04,143.55,143.05,140.24,140.98,20930.0,1956481.0
2018-04-05,145.61,144.08,142.85,143.0,22057.0,2013386.0
2018-04-06,144.4,142.16,141.473,143.51,16563.0,1527390.0
2018-04-09,145.01,143.19,142.36,142.36,18131.0,1829726.0
2018-04-10,144.18,137.4,135.14,143.5,51828.0,6323576.0
2018-04-11,141.7,139.92,136.34,136.36,29331.0,2807615.0
2018-04-12,140.8,138.38,137.601,140.8,20624.0,2805301.0
2018-04-13,140.42,138.9,138.115,138.9,15557.0,1460389.0
2018-04-16,140.04,138.52,137.9484,139.79,20202.0,2073224.0
2018-04-17,142.07,141.02,138.32,139.27,22574.0,2734506.0
2018-04-18,141.15,139.81,139.67,140.81,15358.0,1773365.0
2018-04-19,139.61,137.42,136.68,139.17,22998.0,2553131.0
2018-04-20,138.9,136.62,136.24,136.97,19522.0,2659251.0
2018-04-23,138.4,138.2,136.78,137.3,17434.0,1911348.0
2018-04-24,139.16,136.96,136.16,138.72,21327.0,2430031.0
2018-04-25,136.95,135.73,135.36,136.15,13723.0,1511866.0
2018-04-26,137.71,136.84,135.91,136.32,17871.0,1794522.0
2018-04-27,135.81,135.24,133.53,134.75,23454.0,2311137.0
2018-04-30,137.74,136.36,134.51,134.95,24095.0,2548633.0
2018-05-01,138.66,135.1,133.85,137.07,29256.0,3250088.0
2018-05-02,137.73,136.47,134.39,134.39,22952.0,2362766.0
2018-05-03,137.96,137.58,135.04,135.78,17696.0,1859024.0
2018-05-04,139.7,138.85,137.19,137.19,16980.0,1729760.0
2018-05-07,139.79,138.14,137.32,138.75,16440.0,1532413.0
2018-05-08,138.03,137.01,135.85,137.77,23566.0,3069677.0
2018-05-09,138.22,137.95,136.2,137.16,17241.0,1661393.0
2018-05-10,141.01,139.89,138.3801,138.89,14750.0,1801934.0
2018-05-11,140.43,138.86,138.4,140.0,11369.0,1198129.0
2018-05-14,139.43,138.29,137.48,138.8,12318.0,1142795.0
2018-05-15,137.88,136.7,135.27,137.32,19393.0,2607796.0
2018-05-16,137.34,136.47,135.8855,136.85,14718.0,1839925.0
2018-05-17,137.43,136.85,136.03,137.0,18412.0,1820363.0
2018-05-18,138.66,137.05,135.99,136.72,16506.0,3562524.0
2018-05-21,137.723,137.38,136.24,137.64,13406.0,1266887.0
2018-05-22,137.6,137.15,135.87,137.6,14437.0,2169121.0
2018-05-23,137.5327,136.83,136.2,137.17,15725.0,1772453.0
2018-05-24,137.54,135.5,135.06,136.94,17771.0,1729785.0
2018-05-25,137.69,136.33,135.64,135.72,13644.0,1484623.0
2018-05-29,136.75,135.97,134.87,135.7,19229.0,2295449.0
2018-05-30,138.29,137.83,135.62,135.94,18279.0,1848107.0
2018-05-31,138.57,138.37,135.98,137.25,20957.0,4514493.0
2018-06-01,138.81,138.52,136.85,138.2,17908.0,1623672.0
2018-06-04,140.25,140.06,138.79,139.49,14168.0,1246413.0
2018-06-05,140.42,138.91,137.75,140.06,17874.0,2565215.0
2018-06-06,139.52,139.04,137.58,139.37,12749.0,1347027.0
2018-06-07,139.35,138.18,137.59,139.07,14344.0,1492956.0
2018-06-08,139.25,138.58,137.82,138.58,20795.0,3537375.0
2018-06-11,140.64,139.64,138.08,138.5,14917.0,1475110.0
2018-06-12,141.25,141.14,138.0,138.58,19154.0,2940907.0
2018-06-13,140.6614,136.46,136.03,140.66,22712.0,2270371.0
2018-06-14,138.93,138.35,136.5,136.79,17701.0,2103459.0
2018-06-15,140.2,138.56,138.25,138.7,18599.0,3087797.0
2018-06-18,138.34,138.23,136.74,137.33,12781.0,1497821.0
2018-06-19,140.3,139.08,137.48,137.61,18665.0,2741721.0
2018-06-20,141.0,140.54,138.45,138.97,18240.0,2178386.0
2018-06-21,141.82,141.68,140.34,140.65,17835.0,1940766.0
2018-06-22,143.34,142.82,140.89,142.38,17692.0,2564092.0
2018-06-25,143.06,142.15,141.33,142.56,21502.0,2174152.0
2018-06-26,143.44,143.17,141.96,142.48,21474.0,3052530.0
2018-06-27,144.19,143.35,142.92,143.32,22635.0,2147741.0
2018-06-28,144.41,144.26,142.58,143.35,19830.0,2110251.0
2018-06-29,145.0,144.17,142.65,143.43,19475.0,1995806.0
2018-07-02,144.73,144.67,142.71,144.33,16126.0,1559546.0
2018-07-03,145.04,143.03,142.76,144.69,18788.0,1669614.0
2018-07-05,145.71,145.67,143.39,143.77,18316.0,1512363.0
2018-07-06,146.33,145.81,144.91,145.54,13548.0,1376605.0
2018-07-09,145.02,142.18,141.72,144.83,21964.0,2334404.0
2018-07-10,144.04,143.54,139.17,141.5,27372.0,3775278.0
2018-07-11,144.39,143.41,142.7,142.98,13864.0,1250377.0
2018-07-12,144.75,143.76,143.07,143.57,14770.0,1504603.0
2018-07-13,144.62,143.23,142.93,143.77,10996.0,953704.0
2018-07-16,142.95,141.76,141.21,142.3,17630.0,1644530.0
2018-07-17,142.26,142.17,140.91,141.8,23222.0,2995089.0
2018-07-18,142.47,141.38,140.65,142.17,17332.0,2046381.0
2018-07-19,142.5528,141.67,140.76,140.98,15572.0,1505861.0
2018-07-20,142.02,140.38,140.12,141.32,11484.0,1787009.0
2018-07-23,140.97,140.84,139.42,140.78,14725.0,1457905.0
2018-07-24,141.68,141.57,138.51,140.44,21431.0,3230387.0
2018-07-25,143.35,142.94,141.1201,141.24,16352.0,1572094.0
2018-07-26,144.84,144.51,142.83,143.17,15250.0,1618997.0
2018-07-27,145.14,144.38,143.98,145.04,14931.0,1424788.0
2018-07-30,144.55,142.72,141.94,144.03,20943.0,1963190.0
2018-07-31,150.82,148.24,145.6,146.86,32151.0,3924394.0
2018-08-01,150.49,150.17,147.25,147.67,25444.0,2766309.0
2018-08-02,150.36,148.21,148.14,149.79,19481.0,1877079.0
2018-08-03,151.19,150.99,148.0,148.58,15882.0,1672983.0
2018-08-06,151.63,150.91,149.73,151.3,13758.0,1272652.0
2018-08-07,150.87,150.03,148.69,150.87,13711.0,1418101.0
2018-08-08,150.27,149.32,148.68,150.27,11752.0,1060253.0
2018-08-09,150.7,150.57,149.12,149.53,11285.0,1231718.0
2018-08-10,151.39,149.18,149.08,150.16,12401.0,1259984.0
2018-08-13,149.83,149.01,148.59,149.0,10088.0,957926.0
2018-08-14,149.869,149.11,148.58,149.16,11677.0,1433543.0
2018-08-15,149.86,149.54,148.41,149.09,14526.0,1413930.0
2018-08-16,150.56,149.72,149.52,149.97,12231.0,1154226.0
2018-08-17,151.21,151.17,149.71,149.89,14044.0,1541981.0
2018-08-20,151.92,150.79,150.52,151.62,11843.0,1496325.0
2018-08-21,150.8248,149.28,148.94,150.61,13166.0,1519957.0
2018-08-22,149.69,148.11,147.5,149.27,12717.0,1134443.0
2018-08-23,148.72,147.38,147.19,148.43,11584.0,1206611.0
2018-08-24,148.53,148.06,147.38,147.38,13545.0,1339896.0
2018-08-27,149.05,148.37,147.75,148.56,10376.0,1072793.0
2018-08-28,150.11,150.1,147.89,148.05,12691.0,1192447.0
2018-08-29,151.26,150.45,150.17,150.29,13313.0,1308952.0
2018-08-30,150.88,148.94,148.605,150.63,12214.0,1034133.0
2018-08-31,150.1742,149.12,148.74,149.13,9319.0,965384.0
2018-09-04,149.06,148.15,147.555,148.73,14821.0,1171017.0
2018-09-05,148.11,147.6,146.54,148.03,16443.0,1667216.0
2018-09-06,148.41,148.09,147.3018,147.8,12881.0,1304038.0
2018-09-07,148.2,146.55,146.36,147.57,13965.0,1510900.0
2018-09-10,148.36,147.33,147.0742,147.25,14269.0,1312268.0
2018-09-11,147.53,147.0,146.53,147.19,13235.0,1194867.0
2018-09-12,147.45,147.31,146.44,147.27,14057.0,1359869.0
2018-09-13,149.41,148.72,147.75,148.0,14266.0,1676559.0
2018-09-14,148.64,147.19,146.71,148.53,10986.0,1182748.0
2018-09-17,148.4,147.75,146.38,147.08,14074.0,1507818.0
2018-09-18,148.49,147.41,146.93,147.12,12407.0,1108310.0
2018-09-19,148.25,147.58,147.33,147.59,12682.0,1247501.0
2018-09-20,148.86,148.73,146.86,147.61,11078.0,1021373.0
2018-09-21,149.6,148.49,148.32,148.51,12514.0,2793344.0
2018-09-24,148.08,146.38,145.91,148.0,12197.0,1258039.0
2018-09-25,146.635,145.7,145.48,146.29,13053.0,1127525.0
2018-09-26,145.93,143.95,143.69,145.51,14520.0,1378358.0
2018-09-27,144.61,143.39,143.3,143.71,15150.0,1530527.0
2018-09-28,145.43,145.3,143.35,143.35,15468.0,1523444.0
2018-10-01,146.09,144.03,143.96,146.09,11961.0,971473.0
2018-10-02,144.6,144.13,143.11,144.04,11828.0,1043427.0
2018-10-03,145.75,143.91,142.75,144.15,18338.0,1909981.0
2018-10-04,144.81,144.44,142.3555,143.73,15822.0,1507945.0
2018-10-05,146.3,144.75,144.325,144.81,17209.0,1625938.0
2018-10-08,146.92,145.79,145.0,145.05,14330.0,1760835.0
2018-10-09,147.89,147.65,145.37,146.04,15800.0,1782209.0
2018-10-10,147.75,145.5,145.5,146.58,26105.0,3517146.0
2018-10-11,146.25,140.68,140.395,145.85,27307.0,2484257.0
2018-10-12,143.78,142.05,140.82,142.09,20524.0,2219810.0
2018-10-15,144.25,142.73,141.51,141.78,15015.0,1289637.0
2018-10-16,146.36,145.69,142.69,143.15,14690.0,1303074.0
2018-10-17,147.13,146.68,144.43,145.23,17852.0,1736977.0
2018-10-18,148.15,146.79,145.77,146.49,14384.0,1515769.0
2018-10-19,150.9495,150.15,146.895,147.14,22432.0,2450653.0
2018-10-22,150.68,149.25,148.96,150.1,18567.0,1996789.0
2018-10-23,151.28,150.85,148.43,149.1,22977.0,2179067.0
2018-10-24,152.87,151.97,149.745,150.62,28857.0,3056302.0
2018-10-25,153.94,153.51,150.42,151.9,27471.0,2628144.0
2018-10-26,152.77,149.61,148.74,152.46,34811.0,3639017.0
2018-10-29,153.67,152.82,150.32,150.69,28751.0,3072680.0
2018-10-30,161.71,160.95,150.14,154.0,51678.0,5553576.0
2018-10-31,160.86,155.81,155.25,160.0,36611.0,3841224.0
2018-11-01,157.5,153.02,152.85,156.54,34438.0,3963552.0
2018-11-02,153.0,152.06,149.24,152.82,35042.0,3978766.0
2018-11-05,155.85,155.7,152.47,152.9,23147.0,2301360.0
2018-11-06,156.5,156.16,154.78,155.8,13406.0,1284956.0
2018-11-07,157.78,156.95,156.05,157.53,17857.0,1803384.0
2018-11-08,159.4,159.36,156.68,156.96,17126.0,1707916.0
2018-11-09,160.3,160.14,159.19,159.29,19819.0,2279769.0
2018-11-12,161.96,161.03,160.1,160.1,21774.0,2059624.0
2018-11-13,161.765,161.31,159.76,161.35,16555.0,1496761.0
2018-11-14,163.58,163.41,160.68,161.92,20482.0,1940910.0
2018-11-15,162.8492,162.13,160.65,162.75,21524.0,1987847.0
2018-11-16,164.24,163.98,161.63,161.89,20419.0,1987440.0
2018-11-19,166.36,166.23,163.88,164.5,22040.0,2171755.0
2018-11-20,167.09,160.64,160.55,165.16,32732.0,3449867.0
2018-11-21,161.42,160.31,159.03,160.58,20663.0,2009744.0
2018-11-23,161.18,160.39,158.87,159.76,7511.0,746919.0
2018-11-26,161.77,161.59,159.245,160.99,16500.0,1447159.0
2018-11-27,162.16,162.08,159.98,161.41,17428.0,1390163.0
2018-11-28,162.89,162.0,160.99,161.23,24520.0,2332247.0
2018-11-29,163.98,162.72,161.12,162.0,18790.0,2063265.0
2018-11-30,164.66,164.49,161.88,163.22,20471.0,2741429.0
2018-12-03,165.15,163.08,161.51,165.02,25305.0,2651569.0
2018-12-04,165.445,163.48,163.04,163.27,27411.0,2468831.0
2018-12-06,167.85,167.63,161.13,162.81,31901.0,2809434.0
2018-12-07,168.58,166.43,165.84,167.37,29897.0,3357428.0
2018-12-10,166.895,166.19,162.75,165.96,21058.0,1908747.0
2018-12-11,167.32,166.64,165.5,166.73,21372.0,2032958.0
2018-12-12,167.55,164.65,164.14,167.49,22825.0,2675039.0
2018-12-13,167.64,166.8,164.43,165.14,19382.0,2153772.0
2018-12-14,167.0,166.6,165.02,166.52,19807.0,2193401.0
2018-12-17,167.16,160.94,160.37,166.95,28879.0,2743371.0
2018-12-18,163.46,162.31,161.18,161.85,28699.0,2475346.0
2018-12-19,164.69,162.54,161.78,162.48,19032.0,1912317.0
2018-12-20,163.97,161.54,160.5,162.35,23650.0,2570407.0
2018-12-21,164.6,158.0,157.6206,161.54,34337.0,4385686.0
2018-12-24,157.52,153.58,152.63,157.31,20442.0,1968466.0
2018-12-26,157.53,157.53,150.665,153.4,19794.0,1981544.0
2018-12-27,158.7499,158.6,153.3,156.73,18713.0,1641714.0
2018-12-28,161.61,158.83,157.75,159.73,19589.0,1740012.0
2018-12-31,159.76,158.19,156.14,159.67,18614.0,2044595.0
2019-01-02,157.11,156.74,153.93,157.11,25410.0,2030598.0
2019-01-03,160.04,157.68,156.43,156.61,23459.0,2467352.0
2019-01-04,160.07,158.31,157.69,158.11,20457.0,2529958.0
2019-01-07,160.62,159.29,158.02,158.48,17070.0,1708043.0
2019-01-08,161.13,161.09,158.58,159.78,24323.0,2502666.0
2019-01-09,161.91,159.68,158.35,161.88,21304.0,1797270.0
2019-01-10,161.99,161.86,158.62,159.47,21367.0,1986590.0
2019-01-11,162.26,161.4,159.9,161.05,18636.0,1878799.0
2019-01-14,162.5576,161.4,160.85,161.04,15049.0,1435420.0
2019-01-15,163.32,163.05,160.63,161.23,18842.0,1597062.0
2019-01-16,164.31,163.78,162.83,163.45,16728.0,1495177.0
2019-01-17,164.93,164.38,163.06,163.78,13700.0,1322754.0
2019-01-18,165.25,164.67,163.38,165.25,16281.0,1762988.0
2019-01-22,165.4099,164.68,163.17,164.52,16570.0,1503935.0
2019-01-23,165.8,165.79,164.34,164.51,16275.0,1700185.0
2019-01-24,165.8424,165.65,164.11,164.81,15152.0,1275899.0
2019-01-25,168.13,167.41,165.79,166.5,15471.0,1482088.0
2019-01-28,168.05,168.05,165.67,166.94,16168.0,1180464.0
2019-01-29,169.52,169.44,167.5501,167.68,18580.0,1849756.0
2019-01-30,171.5,170.47,169.01,169.13,20309.0,2159546.0
2019-01-31,173.95,172.84,169.25,169.79,30611.0,4046133.0
2019-02-01,173.15,170.43,169.5404,173.15,34690.0,3446167.0
2019-02-04,170.95,170.94,168.88,170.2,25555.0,2846761.0
2019-02-05,172.535,172.43,169.57,170.83,19333.0,1671140.0
2019-02-06,172.36,170.27,170.1,171.32,16021.0,1423287.0
2019-02-07,172.4,172.01,169.83,170.33,14120.0,1113626.0
2019-02-08,172.99,172.43,171.05,171.91,13130.0,1294644.0
2019-02-11,173.66,172.99,172.146,172.86,13355.0,1211049.0
2019-02-12,173.75,172.59,172.07,173.08,16775.0,1471829.0
2019-02-13,173.84,173.7,172.09,172.43,13640.0,1195947.0
2019-02-14,176.07,175.79,173.07,173.61,21889.0,1832493.0
2019-02-15,178.15,177.82,175.975,177.28,20684.0,2744366.0
2019-02-19,178.32,177.6,176.72,177.97,19881.0,1961650.0
2019-02-20,177.33,176.69,175.53,177.33,18550.0,1612038.0
2019-02-21,176.75,176.51,174.5754,176.32,18299.0,1407566.0
2019-02-22,177.45,176.63,175.19,177.15,17490.0,1312596.0
2019-02-25,177.5286,174.23,174.07,177.24,22570.0,1946457.0
2019-02-26,175.32,174.02,173.42,174.84,20399.0,1853725.0
2019-02-27,176.77,173.2,171.71,174.3,18972.0,1632188.0
2019-02-28,178.69,176.15,172.39,172.52,30942.0,2888508.0
2019-03-01,178.19,177.92,174.27,176.2,24146.0,2048002.0
2019-03-04,179.76,179.69,176.8362,179.0,19051.0,1678042.0
2019-03-05,181.91,181.06,179.43,179.43,22409.0,1991458.0
2019-03-06,182.285,181.65,180.88,181.07,15393.0,1226045.0
2019-03-07,182.97,181.75,180.81,182.01,17378.0,1375879.0
2019-03-08,182.73,181.61,180.44,181.0,17661.0,1275957.0
2019-03-11,185.3,185.16,182.05,182.31,17989.0,1586706.0
2019-03-12,186.78,185.75,185.09,185.53,18197.0,1618289.0
2019-03-13,187.55,187.23,185.7,185.7,15968.0,1512656.0
2019-03-14,188.04,187.97,185.77,186.68,14797.0,1183839.0
2019-03-15,189.0,188.97,187.62,188.0,14703.0,2541695.0
2019-03-18,189.48,188.89,187.5,189.11,18105.0,1556172.0
2019-03-19,190.22,189.91,188.51,189.42,19785.0,1848207.0
2019-03-20,192.16,191.54,188.92,190.28,17104.0,1537788.0
2019-03-21,194.75,194.71,190.8,191.16,19253.0,1761369.0
2019-03-22,196.79,193.65,193.21,194.24,22218.0,2050293.0
2019-03-25,196.31,195.69,193.53,194.1,19203.0,2157581.0
2019-03-26,196.67,195.05,193.96,196.65,20678.0,1948123.0
2019-03-27,196.04,194.09,192.62,195.05,26092.0,2250576.0
2019-03-28,194.99,194.93,193.2,194.0,20935.0,2455339.0
2019-03-29,197.33,197.06,194.66,195.46,30969.0,3017741.0
2019-04-01,198.19,192.51,192.16,197.54,34238.0,4105811.0
2019-04-02,195.795,195.12,192.1115,193.0,29369.0,2762366.0
2019-04-03,195.92,194.29,192.49,195.06,24252.0,2230312.0
2019-04-04,195.06,193.05,192.6524,194.94,19278.0,1684065.0
2019-04-05,195.98,195.76,192.31,193.26,20000.0,1656486.0
2019-04-08,196.47,196.22,194.19,195.07,20709.0,2166540.0
2019-04-09,197.13,196.72,195.9501,196.14,19700.0,1708208.0
2019-04-10,197.265,196.62,196.0,196.46,18191.0,1304477.0
2019-04-11,197.19,196.65,195.44,197.12,15642.0,1027141.0
2019-04-12,198.06,197.96,194.8,196.64,14408.0,1412266.0
2019-04-15,197.83,196.09,194.52,196.7,20200.0,1765476.0
2019-04-16,196.17,192.2,191.0544,196.17,25295.0,2108312.0
2019-04-17,194.09,191.17,189.42,194.09,26503.0,2105070.0
2019-04-18,193.6,192.91,190.0501,190.93,16250.0,1325350.0
2019-04-22,192.9,192.32,190.94,192.56,13631.0,942473.0
2019-04-23,194.39,193.4,192.51,193.59,15685.0,1457702.0
2019-04-24,194.5,193.23,192.48,193.99,15004.0,1324518.0
2019-04-25,193.31,192.29,190.805,192.43,12795.0,993122.0
2019-04-26,193.3537,193.21,191.64,192.46,12702.0,870025.0
2019-04-29,193.92,192.44,191.96,192.9,12615.0,901421.0
2019-04-30,195.51,195.3,191.12,192.81,16551.0,1476187.0
2019-05-01,195.05,192.91,192.14,194.95,17453.0,1384725.0
2019-05-02,193.73,192.8,192.14,193.28,16674.0,1412730.0
2019-05-03,194.53,192.95,192.27,193.34,13811.0,1059127.0
2019-05-06,193.54,192.18,190.47,192.43,17873.0,1548709.0
2019-05-07,192.31,189.85,188.53,191.97,21084.0,1510040.0
2019-05-08,193.51,191.64,190.17,190.17,18675.0,1339014.0
2019-05-09,192.92,192.52,190.09,191.71,18746.0,1240377.0
2019-05-10,196.23,195.66,192.33,192.51,18674.0,1283128.0
2019-05-13,197.4,196.88,194.08,194.52,23690.0,1790613.0
2019-05-14,200.38,198.07,196.7,197.2,24890.0,1787980.0
2019-05-15,201.2,200.47,197.02,198.2,18015.0,1285420.0
2019-05-16,203.3829,202.02,200.2,201.81,17369.0,1507392.0
2019-05-17,202.74,202.43,200.53,200.89,16295.0,1421363.0
2019-05-20,200.96,198.25,197.39,199.79,27723.0,2764829.0
2019-05-21,200.02,198.17,197.99,199.48,20525.0,1338127.0
2019-05-22,201.235,200.67,198.22,198.56,14240.0,997994.0
2019-05-23,203.85,202.92,200.17,200.17,19138.0,1436823.0
2019-05-24,205.31,203.0,202.93,204.14,14886.0,1412574.0
2019-05-28,204.75,202.55,202.48,204.15,17244.0,1936340.0
2019-05-29,203.43,201.13,200.23,202.64,19381.0,1448570.0
2019-05-30,205.02,204.69,200.5322,201.34,20144.0,1568659.0
2019-05-31,210.2522,208.77,204.22,204.69,31806.0,2706161.0
2019-06-03,209.79,209.29,206.5,208.86,23173.0,1730752.0
2019-06-04,209.54,208.01,206.41,209.24,23357.0,2351644.0
2019-06-05,212.96,212.77,208.71,209.61,27002.0,2193404.0
2019-06-06,213.71,212.7,211.5,212.86,15971.0,1237819.0
2019-06-07,214.52,212.46,212.03,213.55,16731.0,1132167.0
2019-06-10,213.54,209.85,209.03,213.0,29488.0,1976650.0
2019-06-11,210.47,208.97,207.4701,209.84,20986.0,1715564.0
2019-06-12,212.36,211.5,209.515,209.53,25759.0,2974420.0
2019-06-13,212.6516,209.01,208.53,212.1,24283.0,2586472.0
2019-06-14,211.95,211.23,208.18,209.0,19245.0,1568112.0
2019-06-17,214.69,214.09,211.3,211.72,20135.0,1780862.0
2019-06-18,215.96,214.39,213.33,214.3,19946.0,1696551.0
2019-06-19,217.04,216.17,213.19,213.51,18015.0,1421344.0
2019-06-20,218.79,217.52,215.9,216.16,18121.0,1839898.0
2019-06-21,217.93,215.18,214.24,217.46,18682.0,2420359.0
2019-06-24,216.0,214.55,213.97,215.81,14642.0,1063960.0
2019-06-25,215.41,210.81,210.69,215.04,18559.0,1542655.0
2019-06-26,210.86,205.8,205.23,210.86,28962.0,2434086.0
2019-06-27,208.2,205.85,205.55,206.93,22938.0,2044747.0
2019-06-28,206.88,204.45,203.62,206.06,26983.0,2965462.0
2019-07-01,205.5,202.3,199.48,205.0,34646.0,3051525.0
2019-07-02,206.23,205.63,202.68,202.92,31486.0,3224371.0
2019-07-03,211.89,210.17,206.4,206.41,18885.0,1408734.0
2019-07-05,210.27,209.04,206.21,209.0,18806.0,1735468.0
2019-07-08,210.4,208.95,208.31,208.89,17012.0,1227661.0
2019-07-09,211.64,211.31,208.81,209.47,20039.0,1483329.0
2019-07-10,212.43,211.53,210.04,211.88,19293.0,1858616.0
2019-07-11,211.64,209.26,208.09,211.64,17189.0,1398176.0
2019-07-12,209.52,208.98,207.42,209.52,14772.0,1263333.0
2019-07-15,211.35,210.7,208.98,210.33,15446.0,1640259.0
2019-07-16,211.59,209.31,209.02,211.18,16272.0,1430587.0
2019-07-17,211.54,208.74,207.82,210.07,17379.0,1394977.0
2019-07-18,209.41,208.66,205.01,208.65,16544.0,1279565.0
2019-07-19,209.43,205.56,205.29,209.15,21841.0,1847210.0
2019-07-22,207.16,206.7,204.68,205.95,16042.0,1259198.0
2019-07-23,207.74,206.8,205.4788,206.52,16201.0,1165312.0
2019-07-24,207.29,204.79,204.58,206.82,19212.0,1932414.0
2019-07-25,207.03,205.42,203.825,207.03,14596.0,1058777.0
2019-07-26,206.08,204.59,203.65,205.5,17376.0,1336798.0
2019-07-29,207.0,205.57,204.145,204.67,16987.0,1875427.0
2019-07-30,209.0,208.65,205.59,206.54,25016.0,2080079.0
2019-07-31,213.68,211.62,209.35,209.62,32720.0,2845076.0
2019-08-01,213.86,211.41,208.495,210.11,23314.0,1691417.0
2019-08-02,216.7,215.47,210.92,211.74,25602.0,1802304.0
2019-08-05,216.2,213.9,211.32,214.63,31087.0,2268704.0
2019-08-06,217.03,216.95,213.14,214.04,26035.0,1988190.0
2019-08-07,219.0135,217.43,211.54,216.03,22566.0,1827762.0
2019-08-08,221.37,221.02,216.0,217.54,17629.0,1389912.0
2019-08-09,224.71,222.23,219.48,221.62,16518.0,1251347.0
2019-08-12,222.97,222.22,220.425,222.01,16997.0,883834.0
2019-08-13,223.59,221.1,219.37,222.68,23419.0,2473032.0
2019-08-14,221.615,218.88,218.46,221.07,22198.0,2092893.0
2019-08-15,224.57,224.2,218.85,219.25,23003.0,1773207.0
2019-08-16,225.43,222.93,221.93,225.1,20255.0,1681876.0
2019-08-19,225.69,225.19,222.83,224.04,16855.0,1415927.0
